Region,Sector,Year,Employment,Investment,Growth Rate (%),Exports,Environmental Impact,Revenue,Policy Recommendation
Kakinada,Energy,2020,39158.0,156.0,14.49227500681923,30,High,243.607949010638,Increase Investment
Guntur,Energy,2017,,393.0,15.811066020010543,303,Medium,353.1374894586414,Increase Investment
Visakhapatnam,Agriculture,2022,26658.0,560.0,-6.512653483698954,485,High,252.52914049128586,Job Creation Program
Visakhapatnam,Agriculture,2017,4556.0,,7.007688464694493,338,High,433.8267358735482,Job Creation Program
Vijayawada,Energy,2022,24483.0,504.0,10.249916444565523,273,High,185.65957888061024,Increase Investment
Vijayawada,Healthcare,2015,41757.0,526.0,19.239615694113965,227,Medium,402.2003785510394,Increase Investment
Kakinada,Manufacturing,2021,25253.0,345.0,16.113346216953786,246,Medium,1033.5910444484905,Increase Investment
Nellore,Energy,2022,49984.0,888.0,5.585037017659241,138,High,287.5951287168141,Job Creation Program
Vijayawada,Technology,2018,39952.0,77.0,16.577585646889837,337,Medium,144.76474094810519,Increase Investment
Kakinada,Agriculture,2016,43530.0,788.0,-7.010143851542457,471,High,812.7600664498455,Job Creation Program
Vijayawada,Technology,2022,24419.0,510.0,0.04298005838490493,361,High,340.219198297763,Job Creation Program
Nellore,Agriculture,2020,34827.0,574.0,-8.075502254280176,196,High,138.6466170604318,Job Creation Program
Kakinada,Healthcare,2018,47699.0,605.0,5.412748696759156,455,High,771.7471296153929,Job Creation Program
Visakhapatnam,Manufacturing,2014,2306.0,682.0,15.450369148062329,242,High,563.3715175897851,Increase Investment
Guntur,Technology,2014,1663.0,,3.0800733005188814,105,Low,817.9814421125454,Job Creation Program
Vijayawada,Agriculture,2020,,662.0,-2.8789876405633095,90,High,192.9411018194709,Job Creation Program
Visakhapatnam,Agriculture,2014,47717.0,179.0,3.2733645829284104,227,Medium,520.8593226034419,Job Creation Program
Nellore,Healthcare,2014,41545.0,247.0,4.970611061113827,249,Low,312.27740932095116,Job Creation Program
Kakinada,Agriculture,2017,48011.0,452.0,7.778738310950445,156,High,954.159897165496,Job Creation Program
Visakhapatnam,Agriculture,2021,9155.0,522.0,-4.773209481557158,424,Medium,372.08384650627164,Job Creation Program
Kakinada,Healthcare,2022,46936.0,51.0,19.90634249394811,263,Low,146.15223467191353,Increase Investment
Guntur,Healthcare,2016,7295.0,103.0,14.496888646440595,417,High,738.9317953058338,Increase Investment
Visakhapatnam,Agriculture,2016,3200.0,910.0,-2.9019756315633574,375,Medium,778.5920217527735,Job Creation Program
Kakinada,Manufacturing,2014,26876.0,865.0,13.662285127950604,393,High,412.1787663567727,Increase Investment
Nellore,Agriculture,2016,11677.0,825.0,5.778465649931572,235,Low,944.6723416119355,Job Creation Program
Kakinada,Agriculture,2016,45080.0,561.0,-5.572233014823777,229,Medium,544.7397727868386,Job Creation Program
Nellore,Manufacturing,2018,1301.0,230.0,9.307311729270959,197,Low,236.40681697732322,Job Creation Program
Vijayawada,Manufacturing,2016,33745.0,784.0,16.105328518157783,332,Medium,1017.265775582357,Increase Investment
Vijayawada,Technology,2023,1784.0,153.0,12.425393524881699,308,Medium,294.010852093069,Increase Investment
Visakhapatnam,Energy,2015,24355.0,555.0,-4.87037843065033,45,Low,91.96939970989067,Job Creation Program
Kakinada,Technology,2016,14121.0,,9.45700352490435,351,High,844.289959926438,Job Creation Program
Visakhapatnam,Healthcare,2023,5777.0,887.0,2.5816378668305706,453,Low,385.89912787878717,Job Creation Program
Nellore,Healthcare,2017,33093.0,96.0,12.487805269179844,433,Low,480.98829305841264,Increase Investment
Kakinada,Technology,2016,48030.0,395.0,-4.366231414613562,126,Medium,872.7533859122765,Job Creation Program
Visakhapatnam,Technology,2023,47175.0,687.0,-2.6531677479677063,98,Low,965.7727375714619,Job Creation Program
Nellore,Agriculture,2018,20531.0,203.0,-1.100683033718461,494,Medium,793.7656134415515,Job Creation Program
Nellore,Healthcare,2017,44919.0,267.0,14.084110575097775,350,High,748.6045752355111,Increase Investment
Nellore,Healthcare,2023,3849.0,229.0,4.365315365661781,259,High,550.9965721873655,Job Creation Program
Vijayawada,Manufacturing,2021,26471.0,209.0,18.50575603562394,161,Medium,812.677030114454,Increase Investment
Kakinada,Agriculture,2018,33320.0,466.0,6.2871192964447005,52,Low,525.2979759214323,Job Creation Program
Guntur,Manufacturing,2015,29761.0,825.0,4.634915524139126,467,Medium,555.2380530741478,Job Creation Program
Nellore,Agriculture,2015,1412.0,425.0,8.376776095097146,286,Low,895.6012984041629,Job Creation Program
Visakhapatnam,Agriculture,2016,21463.0,597.0,-0.6995478551804215,496,High,284.82369930457287,Job Creation Program
Visakhapatnam,Agriculture,2020,22352.0,847.0,12.563822666989168,71,Low,547.4155779893982,Increase Investment
Guntur,Healthcare,2022,5360.0,504.0,18.92002212816141,232,High,700.3569115259335,Increase Investment
Kakinada,Agriculture,2022,22972.0,533.0,13.654863572042256,153,Low,210.7804228389852,Increase Investment
Nellore,Agriculture,2023,39102.0,782.0,-1.2271246861980334,155,High,677.4038849539314,Job Creation Program
Nellore,Technology,2019,28569.0,844.0,12.656055678912406,14,Low,370.8171099300207,Increase Investment
Kakinada,Manufacturing,2019,41262.0,266.0,9.797218470532108,301,Medium,377.0606011316154,Job Creation Program
Vijayawada,Agriculture,2023,29710.0,175.0,2.3156276072714785,150,Medium,323.0523483127251,Job Creation Program
Visakhapatnam,Agriculture,2022,43956.0,397.0,14.054313711863546,200,Low,563.7956254360982,Increase Investment
Nellore,Agriculture,2018,12003.0,278.0,-3.6752458002689723,156,Low,490.78281667525226,Job Creation Program
Nellore,Agriculture,2014,20087.0,520.0,-8.863840491463552,21,Medium,788.9080294443895,Job Creation Program
Vijayawada,Healthcare,2018,37487.0,747.0,0.7348686426237414,37,Low,145.48946876039935,Job Creation Program
Visakhapatnam,Energy,2022,36547.0,801.0,-0.9345765163777173,55,High,344.51404210381446,Job Creation Program
Vijayawada,Technology,2022,20255.0,847.0,16.65159723751021,374,Low,359.0390286017115,Increase Investment
Guntur,Energy,2014,24833.0,112.0,4.8247362244714775,324,High,793.4037045714081,Job Creation Program
Nellore,Healthcare,2014,19384.0,758.0,19.992941832153264,367,High,687.5464990877217,Increase Investment
Visakhapatnam,Energy,2016,39765.0,50.0,18.85127568146806,214,Medium,557.425637840734,Increase Investment
Vijayawada,Technology,2021,,820.0,8.004087527799834,277,Low,218.63351772795863,Job Creation Program
Nellore,Energy,2014,13173.0,627.0,15.126116687984048,112,Medium,897.8407516336599,Increase Investment
Vijayawada,Healthcare,2016,29920.0,215.0,6.27276118540261,344,Medium,871.4864365486156,Job Creation Program
Visakhapatnam,Technology,2023,20963.0,901.0,6.478393905956533,43,Medium,210.37032909266836,Job Creation Program
Visakhapatnam,Agriculture,2016,12637.0,961.0,6.021868620080365,369,Low,351.87015743897234,Job Creation Program
Guntur,Agriculture,2023,22508.0,515.0,-3.0352415242010347,326,Medium,488.3685061503647,Job Creation Program
Visakhapatnam,Technology,2015,47892.0,972.0,-4.017196503972526,258,High,180.95284998138703,Job Creation Program
Vijayawada,Healthcare,2014,14568.0,57.0,13.70649225959146,262,High,409.81270058796713,Increase Investment
Vijayawada,Energy,2020,40577.0,575.0,-1.3065227023443327,380,High,94.48749446152009,Job Creation Program
Vijayawada,Agriculture,2015,35674.0,64.0,-7.378270836687977,128,Low,122.27790666451969,Job Creation Program
Kakinada,Manufacturing,2023,40056.0,574.0,9.839811338851217,77,Medium,222.480517085006,Job Creation Program
Vijayawada,Manufacturing,2019,24275.0,644.0,4.469315648782233,110,Medium,819.7823927781576,Job Creation Program
Nellore,Manufacturing,2019,28285.0,326.0,-1.1785215203916994,121,Medium,938.1580198435231,Job Creation Program
Guntur,Agriculture,2022,36358.0,,7.4240365591605375,417,High,111.60739253765288,Job Creation Program
Visakhapatnam,Agriculture,2019,39328.0,243.0,3.9190723253482442,401,Medium,543.5233457505963,Job Creation Program
Guntur,Healthcare,2017,46587.0,162.0,8.246000579527916,10,Medium,766.3585209388352,Job Creation Program
Nellore,Agriculture,2017,,722.0,-0.7692379622525962,19,Low,743.4461019125363,Job Creation Program
Nellore,Manufacturing,2014,20216.0,826.0,9.890968515196107,417,Medium,599.6993999355199,Job Creation Program
Nellore,Agriculture,2015,6256.0,979.0,-5.469173345858496,44,Low,341.45679294404533,Job Creation Program
Nellore,Healthcare,2022,24325.0,340.0,-0.8933550517251767,14,High,474.9625928241344,Job Creation Program
Visakhapatnam,Technology,2023,44303.0,889.0,5.97837271425546,23,High,789.147733429731,Job Creation Program
Visakhapatnam,Manufacturing,2022,12246.0,552.0,8.296436992204349,318,High,183.796332196968,Job Creation Program
Vijayawada,Healthcare,2021,,672.0,10.501818898212838,487,High,589.5722229959903,Increase Investment
Visakhapatnam,Healthcare,2020,20029.0,883.0,14.061467143517262,132,Medium,1088.1627548772574,Increase Investment
Kakinada,Energy,2021,21103.0,310.0,7.158937049890195,333,Low,251.1927048546596,Job Creation Program
Guntur,Agriculture,2023,35884.0,709.0,-5.460057079964359,339,Medium,194.2881953030527,Job Creation Program
Nellore,Technology,2023,18368.0,672.0,13.152389651560018,180,Low,1075.3840584584834,Increase Investment
Visakhapatnam,Agriculture,2023,40964.0,511.0,13.359175369225373,223,High,574.2653861367417,Increase Investment
Visakhapatnam,Manufacturing,2017,35622.0,999.0,7.970951428151803,433,High,839.6298047672365,Job Creation Program
Nellore,Technology,2022,14224.0,852.0,4.954217339773583,34,Medium,216.20993173487093,Job Creation Program
Guntur,Agriculture,2014,5971.0,812.0,-6.478574490505004,161,Low,226.39397513709937,Job Creation Program
Vijayawada,Healthcare,2019,17241.0,518.0,7.879342060170314,346,Low,828.8149918716822,Job Creation Program
Visakhapatnam,Manufacturing,2021,2759.0,190.0,4.9329528864399474,444,High,831.3726104842359,Job Creation Program
Guntur,Technology,2021,34536.0,639.0,12.851479994745706,203,Medium,294.12095716642506,Increase Investment
Nellore,Agriculture,2014,14087.0,,-3.2313831714111556,375,Medium,452.2764611724297,Job Creation Program
Nellore,Manufacturing,2020,46368.0,808.0,1.3472141010826073,480,High,876.8854899367475,Job Creation Program
Guntur,Manufacturing,2016,21059.0,313.0,-2.513965181016371,105,Medium,379.13128898341876,Job Creation Program
Nellore,Technology,2018,7150.0,379.0,-2.8622867286382982,160,Low,235.15193329846085,Job Creation Program
Vijayawada,Manufacturing,2015,24236.0,965.0,3.3966464287458766,395,High,602.7776380373978,Job Creation Program
Vijayawada,Energy,2022,8083.0,,18.711332674053917,351,Low,984.395807294334,Increase Investment
Vijayawada,Agriculture,2014,28856.0,575.0,8.542173605716638,459,Low,429.1174982328707,Job Creation Program
Vijayawada,Technology,2017,12372.0,659.0,1.8076831629842243,84,Medium,256.912632044066,Job Creation Program
Visakhapatnam,Energy,2015,32896.0,427.0,13.005064540807396,126,Medium,496.5316255892476,Increase Investment
Vijayawada,Healthcare,2021,47828.0,870.0,-0.61571803441376,182,Low,569.6432531006003,Job Creation Program
Guntur,Manufacturing,2019,20250.0,742.0,10.078802736659705,291,Low,322.784716306015,Increase Investment
Guntur,Technology,2020,24150.0,713.0,18.42074348311895,78,Low,992.3399010346382,Increase Investment
Guntur,Energy,2014,39890.0,531.0,10.583313772624768,459,Low,228.19739613263752,Increase Investment
Vijayawada,Manufacturing,2021,14350.0,852.0,15.477557941854993,238,High,708.8687936646045,Increase Investment
Nellore,Manufacturing,2014,37408.0,872.0,8.032516685339235,21,Medium,761.0435454961581,Job Creation Program
Nellore,Manufacturing,2020,12918.0,620.0,78.7668007996647,374,Medium,268.08854123948026,Increase Investment
Nellore,Technology,2023,17774.0,,-1.986935530338389,16,Low,965.488565742888,Job Creation Program
Kakinada,Agriculture,2015,38265.0,492.0,10.722886853766934,282,Medium,310.7566033205333,Increase Investment
Nellore,Agriculture,2016,3983.0,232.0,0.11213624204626882,48,High,987.2601560815474,Job Creation Program
Visakhapatnam,Energy,2015,,157.0,0.8239868688408443,320,High,270.2936593840801,Job Creation Program
Guntur,Agriculture,2015,40974.0,863.0,-1.2322046137072462,455,Low,565.3660741837065,Job Creation Program
Vijayawada,Manufacturing,2022,25574.0,408.0,8.062979790863077,74,Medium,820.8969575467213,Job Creation Program
Vijayawada,Energy,2017,41600.0,481.0,-4.5531516316646545,472,Low,476.099340651693,Job Creation Program
Nellore,Energy,2023,46028.0,988.0,38.85542289732454,304,High,496.9728945563916,Job Creation Program
Kakinada,Healthcare,2020,49988.0,624.0,0.7642298951254753,252,Low,469.768794545583,Job Creation Program
Vijayawada,Agriculture,2014,15199.0,823.0,40.07696871298751,63,High,908.4583631269718,Increase Investment
Guntur,Technology,2023,26425.0,111.0,19.908394395168106,12,High,902.0983177786366,Increase Investment
Vijayawada,Agriculture,2018,,372.0,-3.1760156285921264,38,Low,282.1852218616373,Job Creation Program
Visakhapatnam,Energy,2021,16585.0,173.0,4.3172129253078495,337,High,282.4687783607826,Job Creation Program
Nellore,Manufacturing,2018,39001.0,89.0,17.07265672843653,327,Low,229.19466448830852,Increase Investment
Guntur,Healthcare,2014,48456.0,620.0,16.682355023995058,178,Low,565.4306011487694,Increase Investment
Kakinada,Energy,2019,49874.0,606.0,16.7960881936308,40,High,626.7842944534027,Increase Investment
Kakinada,Technology,2015,49845.0,638.0,7.686693344020906,304,Medium,372.0411035348534,Job Creation Program
Vijayawada,Healthcare,2021,38311.0,905.0,15.466985512496045,335,High,652.9762188880892,Increase Investment
Nellore,Healthcare,2018,8059.0,913.0,14.271352713524745,333,High,421.2974502744809,Increase Investment
Vijayawada,Agriculture,2014,3353.0,319.0,14.337224229434923,294,High,371.7357452918974,Increase Investment
Guntur,Agriculture,2014,30241.0,587.0,-6.026542918081087,235,Low,579.6241930708641,Job Creation Program
Nellore,Energy,2020,18482.0,933.0,15.998679116811797,184,Medium,332.2676761598541,Increase Investment
Kakinada,Energy,2021,,918.0,10.96314869160214,271,High,652.6417049889076,Increase Investment
Nellore,Agriculture,2015,27431.0,,7.873101005056192,283,High,657.2915104625731,Job Creation Program
Nellore,Energy,2014,9711.0,640.0,6.342340865132067,59,High,526.5909815368452,Job Creation Program
Guntur,Healthcare,2023,1526.0,202.0,-4.969204120839353,464,Low,982.9622076759046,Job Creation Program
Kakinada,Energy,2022,36201.0,393.0,5.831168724291389,73,Low,842.9164930864652,Job Creation Program
Guntur,Energy,2019,42688.0,850.0,18.816215950967926,434,High,472.9378355832274,Increase Investment
Kakinada,Healthcare,2019,36488.0,763.0,14.3951183948239,251,Low,210.83475335250637,Increase Investment
Vijayawada,Technology,2017,16525.0,920.0,0.021477246557354057,131,Medium,242.19759066832765,Job Creation Program
Guntur,Manufacturing,2016,40685.0,122.0,-3.7007179087131896,425,Low,464.4851241513699,Job Creation Program
Guntur,Agriculture,2017,47163.0,257.0,3.6898094038434053,323,Medium,518.4828101678776,Job Creation Program
Kakinada,Healthcare,2015,2560.0,350.0,10.393550548556071,156,High,885.3774269199463,Increase Investment
Guntur,Healthcare,2020,21049.0,963.0,11.331575480933253,46,Low,267.1230718813872,Increase Investment
Visakhapatnam,Healthcare,2019,8005.0,774.0,13.179226744157699,454,Low,717.0072149997806,Increase Investment
Visakhapatnam,Agriculture,2015,5703.0,666.0,0.9653854797397621,126,Medium,617.4294672950668,Job Creation Program
Vijayawada,Agriculture,2020,18778.0,235.0,12.809083640417274,277,High,366.1013465549806,Increase Investment
Kakinada,Technology,2023,42899.0,575.0,19.28487735104099,384,Low,1046.8880447684858,Increase Investment
Visakhapatnam,Healthcare,2021,42089.0,792.0,-0.911903185374431,388,Low,119.77772677183451,Job Creation Program
Kakinada,Healthcare,2021,13588.0,968.0,6.344738534590981,404,Medium,867.4170690148406,Job Creation Program
Visakhapatnam,Energy,2022,49403.0,825.0,10.42862466510075,10,Low,761.0361534870812,Increase Investment
Kakinada,Energy,2018,27928.0,546.0,12.63463985280509,321,High,886.9851335963158,Increase Investment
Visakhapatnam,Energy,2015,26619.0,331.0,-4.016411483287259,128,High,283.70567799031915,Job Creation Program
Kakinada,Technology,2016,,742.0,6.997427039801831,260,High,276.92090863532957,Job Creation Program
Guntur,Technology,2021,10110.0,477.0,8.306124720657477,160,Medium,951.6202149175361,Job Creation Program
Vijayawada,Energy,2021,42974.0,825.0,-1.0959038801956518,367,Low,584.9587929883859,Job Creation Program
Guntur,Technology,2023,29625.0,194.0,15.771929783542635,312,Low,717.5975437800727,Increase Investment
Guntur,Energy,2014,43287.0,,9.429630917793704,455,Medium,814.1269644829965,Job Creation Program
Nellore,Energy,2022,20614.0,538.0,-2.272259205856257,107,Low,188.77524547249334,Job Creation Program
Nellore,Manufacturing,2015,49406.0,900.0,16.722515638514274,138,Medium,1071.5026407466285,Increase Investment
Nellore,Agriculture,2023,36643.0,654.0,1.2173405655632656,314,Low,397.96140729878374,Job Creation Program
Vijayawada,Manufacturing,2023,42986.0,134.0,16.58334123929563,313,Medium,575.2216772606562,Increase Investment
Vijayawada,Energy,2018,28598.0,349.0,6.91738687602898,52,High,449.14168019734115,Job Creation Program
Guntur,Energy,2018,22627.0,448.0,1.0870574144074823,212,High,886.8700172165455,Job Creation Program
Nellore,Healthcare,2017,28117.0,588.0,18.24014693554973,165,High,854.2520639810324,Increase Investment
Nellore,Healthcare,2014,35905.0,394.0,8.062026012902958,272,High,238.76438249083765,Job Creation Program
Visakhapatnam,Technology,2021,9636.0,347.0,17.943812229284433,93,Medium,936.265028435617,Increase Investment
Nellore,Healthcare,2020,29552.0,75.0,0.3011209977056666,19,Medium,732.2258407482792,Job Creation Program
Guntur,Energy,2023,46105.0,713.0,15.565357962841961,69,High,411.9810022750632,Increase Investment
Vijayawada,Energy,2020,27160.0,532.0,16.731490616276314,170,High,849.01153007859,Increase Investment
Guntur,Technology,2020,10160.0,639.0,10.800387150510462,450,Medium,938.0144738917618,Increase Investment
Nellore,Manufacturing,2023,33496.0,508.0,19.78139984255471,197,Medium,730.489511200178,Increase Investment
Nellore,Manufacturing,2017,8843.0,948.0,5.029697850974568,362,High,216.6815356272389,Job Creation Program
Kakinada,Energy,2015,3475.0,588.0,11.004205595704153,273,Medium,875.7047289027404,Increase Investment
Vijayawada,Healthcare,2016,20201.0,663.0,8.944585434250623,363,High,956.3026014290816,Job Creation Program
Nellore,Energy,2018,11526.0,352.0,0.023342216476411437,217,Medium,545.082164601997,Job Creation Program
Kakinada,Agriculture,2021,35447.0,591.0,-4.133947953613662,357,High,178.56836759414327,Job Creation Program
Visakhapatnam,Energy,2014,14395.0,455.0,-2.7718891970995845,240,Low,870.3879041531969,Job Creation Program
Visakhapatnam,Technology,2017,19792.0,390.0,3.658044214725088,258,Low,562.2663724374279,Job Creation Program
Vijayawada,Agriculture,2017,25981.0,988.0,4.364684557944166,325,Low,386.12308343248833,Job Creation Program
Nellore,Agriculture,2015,12421.0,265.0,3.3120298139856548,471,Medium,174.77687900706198,Job Creation Program
Guntur,Technology,2018,21609.0,980.0,3.652493163444639,285,Medium,902.7944330017575,Job Creation Program
Kakinada,Manufacturing,2014,26709.0,385.0,14.120245022574885,390,High,636.3629433369133,Increase Investment
Nellore,Technology,2021,18347.0,586.0,0.8137839591345024,182,Low,646.7687740005282,Job Creation Program
Nellore,Agriculture,2019,21733.0,179.0,6.255027309953835,476,High,627.1964988848174,Job Creation Program
Nellore,Manufacturing,2015,38846.0,132.0,-0.7333810362500399,158,Low,254.03193703214995,Job Creation Program
Kakinada,Healthcare,2014,35406.0,601.0,15.349256737650471,368,Low,1011.2490329932793,Increase Investment
Kakinada,Energy,2018,15818.0,568.0,8.137615549216001,479,Medium,600.2216563195469,Job Creation Program
Guntur,Energy,2015,38605.0,640.0,9.553705744499307,480,Medium,1048.1437167647955,Job Creation Program
Nellore,Energy,2015,17052.0,387.0,-3.3845830038978466,169,Low,582.9016637749153,Job Creation Program
Nellore,Technology,2020,11749.0,757.0,16.616509803510443,121,Medium,968.7869792125741,Increase Investment
Nellore,Technology,2023,44404.0,674.0,18.88336716259821,26,Low,651.273894675912,Increase Investment
Vijayawada,Technology,2023,29671.0,281.0,6.5369366156183535,212,High,919.3687918898876,Job Creation Program
Kakinada,Energy,2014,32186.0,630.0,13.43584421803714,458,High,284.64581857363396,Increase Investment
Nellore,Agriculture,2014,25034.0,713.0,-9.11072832411129,157,Low,266.0405070490865,Job Creation Program
Guntur,Healthcare,2016,29138.0,491.0,-2.540108757165067,359,Medium,438.5280660023195,Job Creation Program
Visakhapatnam,Manufacturing,2014,32182.0,995.0,-4.739307515064923,301,Medium,887.843890225104,Job Creation Program
Vijayawada,Energy,2015,21131.0,701.0,6.858402747655347,267,Medium,928.077403261064,Job Creation Program
Guntur,Technology,2015,46838.0,322.0,18.202091008151243,192,Low,822.610733046247,Increase Investment
Kakinada,Healthcare,2015,,221.0,-0.0632377535015669,183,Low,986.8602445647615,Job Creation Program
Visakhapatnam,Healthcare,2020,44950.0,579.0,10.901769093245626,158,Medium,464.1212430498922,Increase Investment
Guntur,Manufacturing,2019,44541.0,909.0,-3.9206566050747083,475,Medium,604.3612314598709,Job Creation Program
Kakinada,Energy,2016,44285.0,732.0,13.954625276913433,362,High,904.1478570270064,Increase Investment
Nellore,Technology,2022,37495.0,633.0,1.1669716130405758,270,High,555.3869303105469,Job Creation Program
Guntur,Manufacturing,2015,4081.0,454.0,13.32678240074187,240,High,225.5035920993681,Increase Investment
Vijayawada,Technology,2019,11805.0,61.0,13.643344568280803,23,Low,525.3224401866513,Increase Investment
Guntur,Energy,2020,18081.0,181.0,4.634397076184046,141,Medium,643.3882587078931,Job Creation Program
Nellore,Technology,2019,27661.0,991.0,3.8873252610339346,66,Low,157.52339333684628,Job Creation Program
Nellore,Technology,2016,30750.0,549.0,9.016502360404273,263,Medium,818.5005979586194,Job Creation Program
Guntur,Energy,2014,1541.0,363.0,12.692023368522893,424,High,577.0720448277381,Increase Investment
Vijayawada,Healthcare,2014,20194.0,525.0,13.391577855979747,468,Low,287.3057837438937,Increase Investment
Kakinada,Agriculture,2019,49998.0,186.0,13.757818823264792,334,Low,624.5895430112726,Increase Investment
Nellore,Manufacturing,2014,25570.0,926.0,14.56454849628345,412,Medium,780.8677190755848,Increase Investment
Kakinada,Manufacturing,2018,49201.0,753.0,7.074221802133881,79,Medium,412.2688901700681,Job Creation Program
Visakhapatnam,Healthcare,2021,43821.0,858.0,-1.0272958082661612,325,Low,633.1858019650763,Job Creation Program
Kakinada,Technology,2021,28037.0,,1.5426420933976495,172,High,325.0317305851848,Job Creation Program
Visakhapatnam,Energy,2023,42800.0,862.0,16.32724058509126,116,Medium,489.74081384348665,Increase Investment
Vijayawada,Agriculture,2020,2171.0,521.0,4.004204586546049,208,Low,545.8619058959049,Job Creation Program
Vijayawada,Energy,2018,,180.0,13.12889318877787,430,Low,493.63200773980014,Increase Investment
Visakhapatnam,Technology,2022,30300.0,757.0,5.449748346762108,336,Medium,429.2545949849892,Job Creation Program
Guntur,Manufacturing,2023,45629.0,226.0,8.588455433566152,463,Medium,316.4099092798595,Job Creation Program
Visakhapatnam,Technology,2019,1097.0,193.0,5.294138539612712,134,High,195.21768738145255,Job Creation Program
Guntur,Agriculture,2023,35622.0,610.0,-4.96590544660064,400,Low,600.7079767757361,Job Creation Program
Nellore,Healthcare,2021,15939.0,831.0,0.9699052845384823,498,Medium,903.0599129145148,Job Creation Program
Kakinada,Manufacturing,2016,42971.0,276.0,-2.3631575010842356,445,High,693.4776852970075,Job Creation Program
Kakinada,Technology,2021,34243.0,346.0,9.439834147028938,94,High,690.6618261487201,Job Creation Program
Kakinada,Technology,2017,20206.0,897.0,16.429481424968824,268,High,872.3724483819703,Increase Investment
Nellore,Healthcare,2020,18071.0,668.0,2.8290498704320584,487,Medium,483.89805313448613,Job Creation Program
Visakhapatnam,Energy,2020,43870.0,582.0,13.129638700684769,171,Medium,681.4144972379854,Increase Investment
Guntur,Manufacturing,2022,,842.0,15.573961155537152,163,Medium,875.1327529296228,Increase Investment
Vijayawada,Agriculture,2019,17299.0,426.0,1.779197473320366,440,Low,831.5793812363447,Job Creation Program
Nellore,Healthcare,2023,21215.0,267.0,-2.4840630369116665,478,High,784.3675516914459,Job Creation Program
Visakhapatnam,Energy,2022,19058.0,911.0,19.477623450378864,428,Low,1000.4411496329515,Increase Investment
Kakinada,Manufacturing,2021,39547.0,173.0,19.793565429195972,256,High,773.242868192509,Increase Investment
Nellore,Agriculture,2019,10528.0,678.0,0.2076585689862771,151,Low,651.407925097727,Job Creation Program
Visakhapatnam,Agriculture,2016,23746.0,456.0,-5.772973241100187,363,Medium,622.6752420205831,Job Creation Program
Guntur,Healthcare,2016,43864.0,330.0,5.536101039481185,279,Medium,731.2691334302879,Job Creation Program
Guntur,Technology,2016,22778.0,762.0,15.986522737519174,182,High,938.8173032598961,Increase Investment
Kakinada,Energy,2016,15140.0,725.0,-2.5866382451139796,295,Low,400.2468727229236,Job Creation Program
Guntur,Manufacturing,2018,33698.0,383.0,13.579829968290085,205,High,219.01074877855103,Increase Investment
Visakhapatnam,Energy,2019,,930.0,2.1322584589329105,277,High,897.8300036680761,Job Creation Program
Kakinada,Energy,2018,43946.0,733.0,-2.126675073510829,210,Low,407.41147171116563,Job Creation Program
Nellore,Healthcare,2021,7581.0,637.0,6.610830905638569,24,Low,800.1109928689177,Job Creation Program
Kakinada,Manufacturing,2016,13466.0,181.0,11.910659058459807,357,Medium,196.55829289581226,Increase Investment
Guntur,Manufacturing,2015,43752.0,633.0,10.852600784408283,271,Medium,832.6969629653045,Increase Investment
Guntur,Healthcare,2021,30033.0,498.0,6.261632541445458,118,Low,997.1829300563984,Job Creation Program
Visakhapatnam,Energy,2021,22180.0,98.0,-4.8083991837693665,199,High,498.287768799906,Job Creation Program
Vijayawada,Agriculture,2014,28005.0,282.0,-0.07462396907020796,46,Low,651.789560407222,Job Creation Program
Visakhapatnam,Energy,2020,23207.0,828.0,-3.878660799410784,404,Low,193.8846885808787,Job Creation Program
Nellore,Energy,2021,,317.0,11.865196322905405,426,Low,738.6126723436101,Increase Investment
Nellore,Manufacturing,2020,23190.0,901.0,12.164747837315169,459,Medium,881.6043780142097,Increase Investment
Kakinada,Manufacturing,2021,37576.0,381.0,-2.9954996479524136,152,Low,857.5871463413013,Job Creation Program
Vijayawada,Agriculture,2023,12381.0,762.0,5.3143367086204805,37,High,223.49524571968806,Job Creation Program
Vijayawada,Manufacturing,2016,29669.0,317.0,2.3760176913539057,330,High,919.5319760815919,Job Creation Program
Visakhapatnam,Healthcare,2022,11516.0,487.0,16.29603092184869,429,High,607.3616705894032,Increase Investment
Guntur,Agriculture,2015,14467.0,221.0,12.915880896030181,72,High,487.5440967802267,Increase Investment
Kakinada,Healthcare,2019,21384.0,969.0,4.363822175503033,449,Low,148.2854368806244,Job Creation Program
Guntur,Energy,2017,41379.0,963.0,10.92255793636858,436,High,683.1842329272295,Increase Investment
Vijayawada,Healthcare,2018,,253.0,8.992211120948497,40,Low,998.7502941359998,Job Creation Program
Guntur,Energy,2016,25323.0,715.0,-4.02509968562721,372,High,304.22053724776544,Job Creation Program
Vijayawada,Energy,2018,3169.0,174.0,4.259924656882662,133,Low,141.41226890297582,Job Creation Program
Nellore,Energy,2014,21538.0,480.0,-1.210392678253001,410,Low,829.1901151443856,Job Creation Program
Nellore,Technology,2014,9556.0,903.0,1.17268566668964,352,High,1008.5893515702074,Job Creation Program
Nellore,Healthcare,2014,27132.0,349.0,15.767212763001922,333,High,539.0275725428767,Increase Investment
Guntur,Healthcare,2015,40420.0,322.0,13.36444807803533,347,Medium,903.0335228112738,Increase Investment
Kakinada,Energy,2021,26232.0,662.0,8.575614598941579,156,High,219.77056864499326,Job Creation Program
Nellore,Agriculture,2019,27086.0,,-8.556473703270655,193,Low,612.078513057829,Job Creation Program
Kakinada,Healthcare,2023,30535.0,631.0,9.718288053282997,259,Medium,747.3223976162158,Job Creation Program
Guntur,Technology,2022,37304.0,740.0,17.361313920605806,228,Medium,831.473723012483,Increase Investment
Visakhapatnam,Healthcare,2016,40852.0,898.0,11.004957788990595,234,High,772.8245209451355,Increase Investment
Vijayawada,Energy,2020,6845.0,732.0,16.801208461175193,403,Medium,541.9848459358025,Increase Investment
Guntur,Manufacturing,2021,28810.0,68.0,0.0162754350940304,291,Low,587.011067295864,Job Creation Program
Nellore,Manufacturing,2022,21620.0,793.0,18.427275711469868,197,Low,372.12829639195604,Increase Investment
Visakhapatnam,Technology,2020,49511.0,309.0,5.17766222814069,367,High,469.9989762849547,Job Creation Program
Nellore,Energy,2015,19514.0,172.0,16.723606306978628,75,Low,502.7646028480032,Increase Investment
Vijayawada,Technology,2015,47092.0,233.0,2.382262351198582,299,High,555.5506712782927,Job Creation Program
Nellore,Energy,2019,29454.0,370.0,8.724511236041046,167,Low,912.2806915733519,Job Creation Program
Visakhapatnam,Technology,2019,16369.0,533.0,10.619596569735062,61,Medium,169.6024497166879,Increase Investment
Kakinada,Energy,2019,6590.0,825.0,1.7852345111678591,128,High,403.72818471713487,Job Creation Program
Visakhapatnam,Manufacturing,2014,24545.0,910.0,-3.828702286809922,105,Medium,358.15880919002973,Job Creation Program
Nellore,Healthcare,2019,6276.0,717.0,-2.452690298349662,74,High,740.4142105608329,Job Creation Program
Guntur,Energy,2015,26682.0,226.0,4.43284153515809,65,High,530.0182218694573,Job Creation Program
Vijayawada,Energy,2022,13180.0,284.0,11.65963533945516,426,High,917.1133643640527,Increase Investment
Guntur,Agriculture,2017,2316.0,859.0,-7.379798375060697,313,High,575.6075319582286,Job Creation Program
Kakinada,Manufacturing,2016,10083.0,504.0,14.189190712947955,219,Low,567.5135211932577,Increase Investment
Guntur,Manufacturing,2019,28747.0,670.0,13.850575873209557,246,Medium,919.798858350504,Increase Investment
Kakinada,Healthcare,2019,20604.0,589.0,12.830172082065442,447,Low,530.5697135633654,Increase Investment
Vijayawada,Energy,2014,3100.0,635.0,-4.632665283626154,174,Medium,861.5825754489739,Job Creation Program
Visakhapatnam,Agriculture,2016,35926.0,663.0,3.273441960302346,191,Low,291.70292019680454,Job Creation Program
Kakinada,Healthcare,2014,44791.0,736.0,0.4951337205797506,101,Medium,897.644184183467,Job Creation Program
Vijayawada,Energy,2022,16493.0,440.0,-4.561190915834278,162,Low,133.93075997032918,Job Creation Program
Kakinada,Energy,2018,21936.0,209.0,17.464015116870982,234,High,864.4997915942604,Increase Investment
Guntur,Energy,2021,42448.0,206.0,1.1650908744506152,421,Low,180.40008720136828,Job Creation Program
Visakhapatnam,Energy,2021,27423.0,657.0,11.273933377951817,340,High,973.0697422931435,Increase Investment
Vijayawada,Manufacturing,2020,,74.0,14.533046393682625,310,High,376.7544543313251,Increase Investment
Visakhapatnam,Healthcare,2014,33983.0,487.0,6.749706703948416,56,High,620.8710716482287,Job Creation Program
Kakinada,Manufacturing,2017,48562.0,297.0,-1.643128727443112,443,Medium,832.119907679494,Job Creation Program
Vijayawada,Technology,2018,44309.0,958.0,6.464948587845999,12,Medium,678.9342074715647,Job Creation Program
Visakhapatnam,Agriculture,2014,27956.0,,45.3784921704667,165,Medium,791.2311768121905,Increase Investment
Visakhapatnam,Healthcare,2023,22642.0,406.0,5.924897141640521,28,High,434.05508239506054,Job Creation Program
Nellore,Agriculture,2016,29001.0,322.0,14.00339011013618,254,Medium,391.0909161546385,Increase Investment
Visakhapatnam,Agriculture,2017,22542.0,642.0,-5.932506404785853,97,Medium,914.9133088812748,Job Creation Program
Nellore,Healthcare,2017,4583.0,205.0,0.7169194900902189,180,Low,828.4696849546849,Job Creation Program
Nellore,Agriculture,2019,44896.0,398.0,8.089014660300897,150,Low,117.04856958699939,Job Creation Program
Guntur,Manufacturing,2015,21127.0,650.0,14.025198087384801,250,High,594.1637875680012,Increase Investment
Visakhapatnam,Technology,2023,46740.0,165.0,4.658079326911647,190,High,188.68583088940423,Job Creation Program
Kakinada,Technology,2017,13602.0,764.0,13.794304325977333,398,Medium,397.38848505046684,Increase Investment
Nellore,Agriculture,2017,3871.0,996.0,0.6875457832027934,85,Medium,988.8479560006998,Job Creation Program
Vijayawada,Energy,2020,5557.0,181.0,15.579020767721481,93,High,881.1980275895759,Increase Investment
Kakinada,Manufacturing,2016,21954.0,885.0,2.3810450622410535,492,Low,1017.0722488008333,Job Creation Program
Vijayawada,Energy,2017,20991.0,585.0,11.366267171648865,332,Medium,598.4926629541459,Increase Investment
Nellore,Manufacturing,2018,,810.0,-3.4667261089179346,335,Low,895.9195185177647,Job Creation Program
Guntur,Agriculture,2017,25917.0,864.0,-5.222032262599934,341,Medium,564.8816412511366,Job Creation Program
Vijayawada,Energy,2023,24064.0,,15.4194866626409,215,Low,505.8253735268519,Increase Investment
Nellore,Energy,2021,19375.0,802.0,4.517242029021645,296,Medium,337.2282810727536,Job Creation Program
Guntur,Technology,2014,44733.0,554.0,4.042756371489515,57,High,274.3968702980519,Job Creation Program
Guntur,Healthcare,2022,34872.0,538.0,6.22034114366515,203,High,228.46543535291852,Job Creation Program
Nellore,Manufacturing,2023,37432.0,467.0,15.176772596667575,486,Low,310.87552802643756,Increase Investment
Visakhapatnam,Healthcare,2014,19287.0,224.0,5.883105536380905,201,Low,961.1781564014932,Job Creation Program
Vijayawada,Manufacturing,2017,5946.0,92.0,15.974933192950267,497,Medium,939.6969385375143,Increase Investment
Guntur,Energy,2021,21306.0,951.0,8.660757901946182,442,High,374.36380764750817,Job Creation Program
Guntur,Healthcare,2016,5986.0,604.0,16.63239397272281,157,High,651.4596595952457,Increase Investment
Nellore,Agriculture,2022,12889.0,833.0,14.547642451913479,188,Medium,720.1818616244393,Increase Investment
Guntur,Energy,2018,33026.0,189.0,10.532311226240253,106,Low,687.9060682175941,Increase Investment
Vijayawada,Manufacturing,2014,17402.0,,3.3114039287178,459,Medium,683.663380447563,Job Creation Program
Guntur,Energy,2020,38623.0,453.0,1.946319402242807,347,High,821.81682689216,Job Creation Program
Visakhapatnam,Technology,2023,17901.0,619.0,-2.167412381813395,327,Low,167.58371735657508,Job Creation Program
Guntur,Agriculture,2020,46833.0,147.0,2.07599243897225,217,Medium,738.0517088852893,Job Creation Program
Guntur,Energy,2020,2518.0,279.0,-3.291647378859895,50,Medium,237.8163038129809,Job Creation Program
Vijayawada,Agriculture,2018,35510.0,332.0,6.900657201313688,490,Medium,866.9101819083614,Job Creation Program
Visakhapatnam,Agriculture,2017,43137.0,315.0,5.306453769046117,324,Medium,675.7153293724953,Job Creation Program
Nellore,Healthcare,2022,38164.0,117.0,18.406678485330477,146,High,1017.5358138278367,Increase Investment
Visakhapatnam,Technology,2019,17753.0,844.0,5.839569815815359,428,High,489.2859692454816,Job Creation Program
Guntur,Technology,2022,3962.0,297.0,0.7292987803540534,52,Low,142.16601737765154,Job Creation Program
Nellore,Healthcare,2014,38887.0,624.0,3.899275812209858,375,Low,422.33148106818953,Job Creation Program
Vijayawada,Manufacturing,2016,21810.0,577.0,-2.9712705365940213,313,High,731.8557690038525,Job Creation Program
Guntur,Technology,2021,1869.0,882.0,1.3339292514915355,100,Medium,886.7652559981553,Job Creation Program
Guntur,Manufacturing,2019,17678.0,418.0,16.629833684945275,362,Medium,717.5127048030713,Increase Investment
Guntur,Agriculture,2023,6307.0,791.0,0.6900333425834333,429,Medium,356.45816373983496,Job Creation Program
Guntur,Technology,2019,8352.0,254.0,2.5261519458578254,265,High,678.4164259424789,Job Creation Program
Guntur,Technology,2014,42080.0,434.0,18.100671760643323,350,Low,822.556915441192,Increase Investment
Nellore,Healthcare,2016,16954.0,852.0,15.146113315445827,138,High,540.0448854475984,Increase Investment
Kakinada,Manufacturing,2023,31444.0,360.0,0.40150290611915995,64,Low,648.445410462029,Job Creation Program
Visakhapatnam,Energy,2014,40740.0,186.0,-3.058980600280468,118,High,132.31029608347833,Job Creation Program
Kakinada,Agriculture,2014,48517.0,874.0,-9.668724162402237,466,Low,253.49535082060447,Job Creation Program
Nellore,Manufacturing,2020,45278.0,665.0,16.574309974674062,494,Medium,829.2191613315825,Increase Investment
Guntur,Technology,2014,42458.0,683.0,3.8567831804303907,124,Medium,838.3418291223396,Job Creation Program
Guntur,Healthcare,2019,44370.0,558.0,5.368395674186775,298,Medium,609.9556478619622,Job Creation Program
Nellore,Technology,2014,31049.0,548.0,8.66713137748222,394,Medium,239.49587994860255,Job Creation Program
Vijayawada,Manufacturing,2020,16810.0,56.0,14.324668032639668,112,Low,300.02181409827824,Increase Investment
Nellore,Energy,2016,31698.0,465.0,12.866031872718104,153,Low,980.8270482081392,Increase Investment
Visakhapatnam,Agriculture,2022,26963.0,996.0,-2.8622804970372115,208,Medium,483.49168624950937,Job Creation Program
Guntur,Energy,2016,44949.0,591.0,11.194355823758553,155,High,549.1586429184131,Increase Investment
Kakinada,Healthcare,2022,31835.0,874.0,78.17073425211416,91,Medium,602.8030543408694,Increase Investment
Nellore,Agriculture,2023,15162.0,52.0,-1.2369866428459542,329,High,672.3567669457201,Job Creation Program
Visakhapatnam,Manufacturing,2015,15683.0,720.0,15.112366060795559,326,High,255.80903563772802,Increase Investment
Nellore,Technology,2018,12763.0,770.0,-4.634293528058107,220,Low,634.3159398339526,Job Creation Program
Visakhapatnam,Agriculture,2023,16935.0,907.0,12.228198098500247,494,Low,679.9097567533972,Increase Investment
Guntur,Manufacturing,2019,41172.0,435.0,5.621271071702173,213,Medium,423.45252916190447,Job Creation Program
Kakinada,Agriculture,2015,34625.0,840.0,6.487769216019256,233,Low,537.4972614145618,Job Creation Program
Nellore,Manufacturing,2016,32709.0,734.0,15.647942682900762,414,Medium,835.8558992924916,Increase Investment
Nellore,Healthcare,2020,25031.0,840.0,19.582641420461684,481,Medium,1132.494187931878,Increase Investment
Nellore,Energy,2018,26183.0,724.0,15.608172296981731,325,Medium,902.0031674301478,Increase Investment
Nellore,Energy,2021,29901.0,,16.121783693880726,340,Low,436.2527769720714,Increase Investment
Guntur,Energy,2023,24386.0,724.0,9.279057465559026,409,Low,947.1803760506473,Job Creation Program
Guntur,Healthcare,2016,7644.0,852.0,-4.606427175108076,424,Medium,173.75324046807918,Job Creation Program
Guntur,Agriculture,2023,47287.0,758.0,11.610831171709101,147,High,724.010100281555,Increase Investment
Vijayawada,Energy,2015,40850.0,714.0,0.7218865620874748,220,High,755.1542700533046,Job Creation Program
Guntur,Energy,2018,36595.0,611.0,11.237723242686183,122,Medium,635.6624890128126,Increase Investment
Guntur,Technology,2015,8031.0,520.0,18.126179383575362,437,Low,536.2561327945918,Increase Investment
Guntur,Manufacturing,2023,7982.0,309.0,5.345686633019897,113,Medium,841.5181716960315,Job Creation Program
Kakinada,Technology,2015,18519.0,978.0,10.242435628815398,52,High,979.1710204498146,Increase Investment
Vijayawada,Energy,2021,20404.0,883.0,9.31518082205056,239,Medium,985.2530466587065,Job Creation Program
Kakinada,Energy,2019,46351.0,975.0,17.891805806541246,349,High,417.44510661377717,Increase Investment
Guntur,Energy,2021,41150.0,137.0,17.114582323029694,82,High,301.4469777825507,Increase Investment
Visakhapatnam,Energy,2020,4805.0,415.0,3.3819762519573935,240,Low,744.0352014456232,Job Creation Program
Guntur,Technology,2016,23449.0,120.0,0.2698275387507154,299,High,375.32379304650084,Job Creation Program
Kakinada,Agriculture,2018,27616.0,857.0,-7.139212034691036,245,High,397.8169528626978,Job Creation Program
Kakinada,Technology,2021,37902.0,589.0,3.8829937118471918,134,Low,157.87083296277996,Job Creation Program
Vijayawada,Agriculture,2019,35779.0,351.0,10.095122262086878,462,Medium,400.43387913992495,Increase Investment
Visakhapatnam,Manufacturing,2020,20702.0,784.0,2.661586701070508,322,High,225.8668397363928,Job Creation Program
Vijayawada,Agriculture,2022,46991.0,962.0,11.55507434145472,280,High,1041.1598151647945,Increase Investment
Kakinada,Technology,2021,29378.0,131.0,6.771683905579419,210,High,951.8709059163091,Job Creation Program
Vijayawada,Healthcare,2016,,394.0,7.846268364414948,497,Low,1006.9142973557949,Job Creation Program
Kakinada,Technology,2022,34037.0,656.0,5.069395830822497,48,Low,977.2552366501956,Job Creation Program
Guntur,Healthcare,2018,,807.0,15.642773789016676,415,Low,647.2371844773645,Increase Investment
Vijayawada,Agriculture,2016,15079.0,748.0,-1.5629918581275462,324,High,436.30882090120593,Job Creation Program
Nellore,Technology,2022,47675.0,536.0,9.723326873639103,397,Low,708.1170320427055,Job Creation Program
Kakinada,Manufacturing,2014,4968.0,960.0,-0.01236712675978957,417,Medium,426.881275583106,Job Creation Program
Guntur,Technology,2021,2134.0,748.0,9.74869707004522,238,Low,327.92025408393823,Job Creation Program
Visakhapatnam,Energy,2015,40519.0,547.0,4.94664257543568,103,Medium,907.0581348876332,Job Creation Program
Guntur,Healthcare,2014,17526.0,250.0,6.708254648345337,373,High,680.7706366208633,Job Creation Program
Visakhapatnam,Manufacturing,2017,10259.0,788.0,13.843351760700113,217,Low,1008.0856118743169,Increase Investment
Guntur,Healthcare,2022,26920.0,156.0,15.036144405573843,199,High,261.4563852726952,Increase Investment
Nellore,Energy,2023,4924.0,473.0,18.228617930292184,399,Medium,799.221362810282,Increase Investment
Visakhapatnam,Agriculture,2022,14682.0,188.0,-2.6870893630936994,158,High,543.9482719973838,Job Creation Program
Guntur,Healthcare,2014,45993.0,599.0,18.679036572506195,380,Medium,428.88742906931213,Increase Investment
Visakhapatnam,Manufacturing,2023,35019.0,296.0,5.891119761412746,92,Medium,368.43771449378175,Job Creation Program
Vijayawada,Technology,2014,33551.0,658.0,18.38711283818739,465,Medium,1119.987202475273,Increase Investment
Kakinada,Energy,2021,41446.0,851.0,-0.265164552878848,417,Medium,726.743449655001,Job Creation Program
Guntur,Agriculture,2023,5247.0,54.0,-7.130076818717997,292,Low,366.1497585178923,Job Creation Program
Vijayawada,Healthcare,2015,13427.0,520.0,2.376808731607734,185,High,479.3594054043602,Job Creation Program
Nellore,Manufacturing,2023,30523.0,482.0,15.562366232255677,478,Medium,655.0106052394724,Increase Investment
Visakhapatnam,Energy,2017,10175.0,938.0,4.753005867208481,79,Low,1018.5831950344156,Job Creation Program
Nellore,Healthcare,2015,14026.0,775.0,8.078575517429131,201,High,713.6089602600757,Job Creation Program
Guntur,Energy,2020,21671.0,,-2.5315698279333536,190,High,646.632952292916,Job Creation Program
Guntur,Technology,2022,25000.0,409.0,-4.1889138488203255,39,High,189.86734235832486,Job Creation Program
Kakinada,Technology,2019,30277.0,506.0,-4.205537891066889,195,Low,773.7199782712015,Job Creation Program
Nellore,Manufacturing,2014,21288.0,810.0,9.440793858610565,191,Medium,580.4704302547456,Job Creation Program
Visakhapatnam,Manufacturing,2021,9848.0,215.0,6.66732802211021,87,Low,887.3347552475369,Job Creation Program
Nellore,Agriculture,2019,10968.0,464.0,-2.417852728767927,172,Medium,796.7811633385168,Job Creation Program
Nellore,Technology,2023,12795.0,439.0,-0.9695297006219361,457,Medium,240.7437646142697,Job Creation Program
Kakinada,Agriculture,2020,25042.0,800.0,6.544443311790964,346,High,763.3555464943277,Job Creation Program
Nellore,Energy,2021,48466.0,99.0,-2.3531420446717672,297,Low,922.6703893757749,Job Creation Program
Guntur,Healthcare,2017,31607.0,239.0,-1.0929072612555943,355,Low,290.3879516455991,Job Creation Program
Nellore,Technology,2022,37343.0,925.0,17.910513613301656,499,Low,577.6722509230403,Increase Investment
Nellore,Energy,2015,28356.0,472.0,13.287411601078478,180,Medium,334.7165827570904,Increase Investment
Nellore,Technology,2017,20601.0,832.0,7.100514312735102,105,Low,899.076279081956,Job Creation Program
Vijayawada,Agriculture,2016,5906.0,450.0,7.417377785918713,456,Low,941.3782000366342,Job Creation Program
Visakhapatnam,Healthcare,2016,,929.0,10.483586353422785,470,High,711.3925172232977,Increase Investment
Visakhapatnam,Agriculture,2015,32976.0,890.0,-5.47041802374793,92,Low,225.3132795886434,Job Creation Program
Kakinada,Technology,2022,32980.0,297.0,5.453619704069991,34,Medium,833.1972505210879,Job Creation Program
Visakhapatnam,Agriculture,2022,9307.0,97.0,-5.924522154627844,108,High,616.2532135100109,Job Creation Program
Vijayawada,Healthcare,2014,48224.0,859.0,18.172908658277702,340,Low,1010.1052853746055,Increase Investment
Visakhapatnam,Healthcare,2019,,480.0,1.1968339682105906,307,Low,1004.7448030474109,Job Creation Program
Kakinada,Healthcare,2021,17524.0,815.0,-0.9165837977735691,72,Low,556.5298420481454,Job Creation Program
Kakinada,Energy,2017,32918.0,125.0,2.183167912722549,160,Medium,172.72895989090318,Job Creation Program
Kakinada,Healthcare,2016,25338.0,510.0,9.29989695708982,73,Low,173.42947448115808,Job Creation Program
Vijayawada,Technology,2017,40876.0,999.0,-4.13318239434834,54,High,528.70950788046,Job Creation Program
Kakinada,Healthcare,2017,31062.0,981.0,-1.9472121018928017,412,Medium,661.8978492804316,Job Creation Program
Vijayawada,Technology,2017,29164.0,965.0,11.40964648461918,84,Low,487.1030885765751,Increase Investment
Visakhapatnam,Technology,2023,47686.0,184.0,-2.067996304988874,499,Medium,254.19488679882048,Job Creation Program
Nellore,Technology,2016,21666.0,933.0,6.161048044913718,203,Low,1020.482578259045,Job Creation Program
Visakhapatnam,Agriculture,2021,34654.0,390.0,9.487917535601586,419,High,442.00287838884617,Job Creation Program
Kakinada,Energy,2014,24238.0,435.0,10.061745767586377,269,High,552.7685940890008,Increase Investment
Kakinada,Agriculture,2016,3537.0,844.0,4.85604568271493,459,Low,795.9850255621141,Job Creation Program
Nellore,Technology,2022,9635.0,347.0,0.8333205662331657,342,Low,475.89162236482906,Job Creation Program
Visakhapatnam,Healthcare,2019,30978.0,602.0,19.922730464733885,169,Medium,819.934837397698,Increase Investment
Vijayawada,Manufacturing,2022,4809.0,737.0,-4.30369397947314,69,Medium,388.28177537128295,Job Creation Program
Visakhapatnam,Technology,2015,8452.0,576.0,17.259608021381652,165,Low,1069.4153422031584,Increase Investment
Vijayawada,Technology,2015,21811.0,199.0,-5.671854129735891,45,Low,516.1782525704564,Job Creation Program
Visakhapatnam,Manufacturing,2021,28564.0,213.0,10.362144437790782,303,High,784.0713676524944,Increase Investment
Nellore,Agriculture,2017,6581.0,792.0,-9.593913919763658,207,Low,622.0162017554718,Job Creation Program
Visakhapatnam,Healthcare,2014,34377.0,822.0,-2.4141471284879157,381,High,695.1557106038293,Job Creation Program
Guntur,Manufacturing,2018,21955.0,,-1.2945634475168841,199,High,897.2911762492777,Job Creation Program
Nellore,Manufacturing,2022,41542.0,839.0,11.65669653697596,334,High,797.7996839452283,Increase Investment
Guntur,Energy,2020,15389.0,779.0,-3.354705982735588,29,Medium,265.86684039448977,Job Creation Program
Nellore,Healthcare,2015,8493.0,57.0,2.88098586623627,444,Low,231.64216194375467,Job Creation Program
Nellore,Healthcare,2017,36912.0,728.0,16.821485539141612,284,Medium,906.460414724951,Increase Investment
Nellore,Energy,2017,11450.0,249.0,19.086998686858188,249,High,172.5266267302769,Increase Investment
Guntur,Agriculture,2021,5875.0,256.0,3.6086221908580267,471,High,774.2380728085966,Job Creation Program
Kakinada,Manufacturing,2016,25489.0,269.0,17.448382336093424,241,High,197.93614848409132,Increase Investment
Visakhapatnam,Healthcare,2017,8833.0,919.0,8.911615933720551,436,High,809.8977504308918,Job Creation Program
Nellore,Manufacturing,2022,44123.0,679.0,10.702988281089295,489,Low,178.67329042859632,Increase Investment
Nellore,Technology,2020,41475.0,796.0,19.233045307104472,35,Low,306.0950406445516,Increase Investment
Kakinada,Manufacturing,2016,14007.0,,3.868213918255316,102,Low,208.90702920686,Job Creation Program
Kakinada,Technology,2018,12350.0,266.0,18.512598821985065,287,Low,870.2435128664803,Increase Investment
Guntur,Healthcare,2015,36328.0,797.0,4.7935612640569545,427,Low,781.204683274534,Job Creation Program
Visakhapatnam,Energy,2015,5386.0,569.0,3.6370213430861433,476,Medium,875.6946514421602,Job Creation Program
Kakinada,Healthcare,2015,2436.0,577.0,8.95880787660284,260,High,181.69232144799838,Job Creation Program
Visakhapatnam,Healthcare,2023,48645.0,719.0,2.875259309418289,75,Medium,923.6731144347175,Job Creation Program
Vijayawada,Technology,2014,36414.0,139.0,-0.5711619194343607,79,Medium,117.20608493198624,Job Creation Program
Vijayawada,Manufacturing,2022,,278.0,14.648131905222836,359,High,562.7218066965195,Increase Investment
Guntur,Energy,2014,25846.0,819.0,11.098914486190338,382,Medium,463.9001096418989,Increase Investment
Vijayawada,Manufacturing,2018,33698.0,656.0,15.512189612006871,77,High,922.7599638547651,Increase Investment
Kakinada,Technology,2015,28832.0,134.0,5.353526705391655,153,High,785.1737257852249,Job Creation Program
Vijayawada,Energy,2022,7559.0,502.0,10.108982992869278,51,Low,629.7470946242038,Increase Investment
Nellore,Agriculture,2020,27478.0,436.0,-5.3885237235029155,357,Low,110.5060365655273,Job Creation Program
Guntur,Technology,2016,9531.0,224.0,30.5696743781374,94,High,673.119017651757,Job Creation Program
Kakinada,Energy,2022,18400.0,376.0,-2.5498078804814734,111,Medium,514.4127223693897,Job Creation Program
Guntur,Manufacturing,2023,37824.0,355.0,-0.7528231695235679,474,Medium,590.3274777481913,Job Creation Program
Nellore,Agriculture,2019,28672.0,579.0,13.201293755721203,52,Medium,971.4354908456257,Increase Investment
Guntur,Manufacturing,2016,31951.0,,9.490477430703416,77,Medium,397.0657683167367,Job Creation Program
Nellore,Energy,2021,41644.0,586.0,-3.72562807443894,347,High,927.1678194837879,Job Creation Program
Visakhapatnam,Agriculture,2015,22650.0,84.0,-1.8769301398339682,35,Medium,111.42337868253946,Job Creation Program
Guntur,Agriculture,2016,43833.0,125.0,8.27175864440401,357,High,398.339698305505,Job Creation Program
Nellore,Technology,2014,6730.0,659.0,11.306877772476255,177,Medium,1018.5123245206186,Increase Investment
Kakinada,Energy,2016,3887.0,,13.254336332766915,223,Low,930.7748585483857,Increase Investment
Guntur,Agriculture,2020,38782.0,401.0,-1.0547187666101738,155,High,557.7705777458932,Job Creation Program
Guntur,Agriculture,2015,18065.0,184.0,9.505316213390838,349,High,762.4897818326391,Job Creation Program
Vijayawada,Energy,2018,14900.0,226.0,-1.670446858311915,110,Medium,724.224790100215,Job Creation Program
Vijayawada,Manufacturing,2023,35949.0,380.0,2.140649714056077,47,Medium,182.1344689134131,Job Creation Program
Visakhapatnam,Agriculture,2016,46201.0,290.0,-0.9588226289738877,353,Low,131.21941437597573,Job Creation Program
Visakhapatnam,Technology,2015,1220.0,964.0,15.209872057600574,34,Medium,744.6231666352695,Increase Investment
Vijayawada,Technology,2021,25920.0,942.0,9.85123663917028,30,Medium,261.798649140984,Job Creation Program
Vijayawada,Manufacturing,2023,24283.0,323.0,2.082110087314433,253,Low,434.7252155820256,Job Creation Program
Vijayawada,Healthcare,2022,28856.0,321.0,3.3195217240198875,386,Low,356.6556647341038,Job Creation Program
Vijayawada,Energy,2017,16689.0,238.0,2.1805302301287703,17,High,600.1896619477064,Job Creation Program
Nellore,Energy,2016,24849.0,958.0,0.2363942377377768,150,Low,175.2646567975279,Job Creation Program
Kakinada,Energy,2019,18558.0,,2.5846385907283294,188,Low,852.5577050814294,Job Creation Program
Nellore,Technology,2014,4084.0,683.0,9.376514336470366,115,High,745.0415929180926,Job Creation Program
Nellore,Agriculture,2017,47805.0,876.0,-9.829632552496797,391,High,330.8924188401281,Job Creation Program
Kakinada,Agriculture,2022,40094.0,319.0,-5.429665286519352,367,High,623.6793677360033,Job Creation Program
Guntur,Technology,2021,10947.0,641.0,15.220658087292101,51,Low,899.5644183395424,Increase Investment
Visakhapatnam,Technology,2017,7358.0,183.0,12.063511969178926,418,High,970.0762269035974,Increase Investment
Kakinada,Agriculture,2015,14386.0,215.0,-9.871509310360992,444,Medium,765.7762549827239,Job Creation Program
Guntur,Healthcare,2021,33479.0,775.0,16.46266136378886,402,Low,1123.5856255693636,Increase Investment
Guntur,Agriculture,2016,21213.0,286.0,-8.659130211979228,292,Low,805.2348875937394,Job Creation Program
Nellore,Manufacturing,2023,9881.0,624.0,52.03839985864458,498,High,563.1799037794856,Increase Investment
Kakinada,Agriculture,2016,9307.0,319.0,6.775324513322744,262,Low,535.6132851974995,Job Creation Program
Vijayawada,Technology,2015,6454.0,128.0,19.03541549105124,280,Medium,927.3653318285455,Increase Investment
Vijayawada,Energy,2022,11143.0,305.0,-4.732117557616026,250,Low,85.56704144927112,Job Creation Program
Vijayawada,Energy,2015,,976.0,-1.9527979366932384,418,Medium,93.940692137874,Job Creation Program
Nellore,Healthcare,2022,16804.0,806.0,15.440584457612154,494,Medium,857.451110728354,Increase Investment
Vijayawada,Healthcare,2020,7054.0,531.0,13.659072107831037,90,High,496.5296728925828,Increase Investment
Visakhapatnam,Energy,2018,2449.0,746.0,-2.3648678510958265,372,Medium,913.3580858308252,Job Creation Program
Vijayawada,Manufacturing,2014,40008.0,562.0,-2.021483200098796,269,Low,169.63926441544476,Job Creation Program
Visakhapatnam,Healthcare,2023,41635.0,631.0,-2.2992760627105184,299,High,966.4915680442966,Job Creation Program
Nellore,Manufacturing,2015,1228.0,220.0,11.889669339185971,435,Low,204.15727254620913,Increase Investment
Vijayawada,Healthcare,2015,43818.0,120.0,7.080801896885879,115,High,403.49696227626305,Job Creation Program
Kakinada,Technology,2014,3410.0,,12.6592999202499,343,Low,969.0976773253142,Increase Investment
Kakinada,Agriculture,2019,13197.0,889.0,-2.3045212493470215,250,Low,614.512806093305,Job Creation Program
Kakinada,Agriculture,2022,30245.0,335.0,0.9661875061513712,468,Medium,515.2367281456071,Job Creation Program
Vijayawada,Manufacturing,2015,35085.0,447.0,11.850438372099184,216,Medium,591.9714595232833,Increase Investment
Guntur,Technology,2015,,946.0,15.531253863992607,486,Medium,566.9256615533701,Increase Investment
Vijayawada,Healthcare,2019,13352.0,,18.369887937319582,180,Low,1109.4249592656824,Increase Investment
Nellore,Healthcare,2015,22709.0,639.0,6.136323243357197,105,High,140.2111055250525,Job Creation Program
Visakhapatnam,Healthcare,2019,9320.0,487.0,-2.044439698188503,67,Medium,300.043578669822,Job Creation Program
Nellore,Healthcare,2023,7937.0,146.0,-3.9224972762918986,118,High,797.2731539766138,Job Creation Program
Visakhapatnam,Energy,2023,4225.0,596.0,10.691721928970217,352,Low,708.7226626966625,Increase Investment
Vijayawada,Agriculture,2023,27502.0,666.0,-1.6302739527330203,279,Medium,191.1423754747981,Job Creation Program
Kakinada,Manufacturing,2018,12360.0,123.0,19.19357062084289,179,High,838.6080918636368,Increase Investment
Guntur,Technology,2014,22118.0,341.0,7.932337053806329,22,High,727.0492693534795,Job Creation Program
Guntur,Technology,2014,28160.0,150.0,4.00985100135278,126,Medium,146.01477650202918,Job Creation Program
Nellore,Manufacturing,2014,20585.0,401.0,7.096505471607784,327,Low,963.4569869411472,Job Creation Program
Vijayawada,Agriculture,2021,2364.0,710.0,1.0942834773061278,422,Medium,983.7694126888736,Job Creation Program
Visakhapatnam,Manufacturing,2015,36853.0,482.0,-2.1273414159522424,141,Medium,492.7462143751102,Job Creation Program
Guntur,Technology,2018,15259.0,587.0,5.594252998273085,163,Medium,223.838265099863,Job Creation Program
Vijayawada,Agriculture,2014,5368.0,978.0,0.771456884556768,193,High,749.5448483309652,Job Creation Program
Kakinada,Energy,2017,21085.0,824.0,3.4805074597945946,365,Low,949.6793814687074,Job Creation Program
Nellore,Healthcare,2023,12397.0,961.0,7.007356469783895,80,Low,500.34069567462325,Job Creation Program
Visakhapatnam,Energy,2023,18107.0,624.0,-2.3468603627251126,77,Low,543.3555913365954,Job Creation Program
Kakinada,Manufacturing,2023,16116.0,639.0,1.3043219373882495,107,Medium,768.3346171799109,Job Creation Program
Nellore,Manufacturing,2022,16613.0,353.0,8.766511480914106,93,High,687.9457855276268,Job Creation Program
Guntur,Technology,2017,12819.0,558.0,7.8919137769268275,470,Medium,161.0368788752517,Job Creation Program
Guntur,Healthcare,2016,24706.0,614.0,-2.796639225582713,313,High,524.8286351549222,Job Creation Program
Nellore,Energy,2018,37110.0,436.0,-0.08782582609472112,26,Medium,503.617079398227,Job Creation Program
Nellore,Agriculture,2023,38494.0,575.0,-3.3729678915356853,275,Medium,443.6054346236698,Job Creation Program
Visakhapatnam,Agriculture,2014,44965.0,784.0,3.3117726970974353,277,High,640.9642979452439,Job Creation Program
Kakinada,Technology,2022,3244.0,68.0,18.065093927348947,90,Medium,977.2842638705973,Increase Investment
Kakinada,Manufacturing,2022,30697.0,569.0,1.990907962330156,133,Low,850.3282663056586,Job Creation Program
Kakinada,Energy,2023,14749.0,803.0,1.9188532987827154,158,Medium,592.4083919892252,Job Creation Program
Vijayawada,Energy,2014,31251.0,135.0,3.4080848567583377,384,Medium,481.60091455662376,Job Creation Program
Vijayawada,Energy,2016,22751.0,119.0,10.354656107975284,391,High,912.3220407684906,Increase Investment
Guntur,Technology,2023,18400.0,229.0,4.449850965653827,243,Medium,134.19015871134727,Job Creation Program
Nellore,Manufacturing,2020,23785.0,579.0,-2.485931697913891,238,Medium,680.6064554690786,Job Creation Program
Nellore,Healthcare,2021,,955.0,5.1060410526759785,186,High,341.7626920530556,Job Creation Program
Visakhapatnam,Healthcare,2021,28689.0,964.0,12.129362831944515,359,High,494.9270576999451,Increase Investment
Nellore,Manufacturing,2015,35695.0,579.0,17.820020010196544,14,Medium,616.177915859038,Increase Investment
Guntur,Technology,2021,10465.0,304.0,-2.5105071614992767,468,Medium,680.3680582290422,Job Creation Program
Vijayawada,Technology,2020,14515.0,65.0,-4.119620661861912,263,Low,640.3222465697897,Job Creation Program
Nellore,Manufacturing,2017,6812.0,415.0,2.7422927776297277,371,High,885.3805150271634,Job Creation Program
Nellore,Manufacturing,2017,30571.0,60.0,12.394874173518637,454,Low,769.4369245041112,Increase Investment
Nellore,Agriculture,2020,34757.0,238.0,14.645091486257623,113,High,954.8553177372931,Increase Investment
Kakinada,Manufacturing,2014,,886.0,17.830742156981763,191,High,453.98037551085844,Increase Investment
Guntur,Technology,2023,42381.0,,10.712554255905097,80,Low,393.8061051647601,Increase Investment
Nellore,Energy,2019,4666.0,231.0,2.0691364265024648,405,Medium,107.77970514522069,Job Creation Program
Kakinada,Technology,2020,27019.0,150.0,5.863274082612385,70,Low,765.7949111239186,Job Creation Program
Visakhapatnam,Healthcare,2015,49552.0,304.0,6.114337526735712,216,Medium,453.5875860812766,Job Creation Program
Vijayawada,Manufacturing,2020,19799.0,300.0,-3.5652039077931614,428,Medium,258.3043882766205,Job Creation Program
Kakinada,Manufacturing,2020,48162.0,885.0,7.615932199435873,395,Low,638.4009999650075,Job Creation Program
Guntur,Agriculture,2021,33353.0,777.0,1.6719524780776105,483,Low,478.99107075466304,Job Creation Program
Guntur,Manufacturing,2017,7997.0,163.0,16.573990582825463,133,Low,714.0156046500055,Increase Investment
Nellore,Healthcare,2023,44158.0,717.0,2.784548497314608,414,High,263.96521272574574,Job Creation Program
Kakinada,Healthcare,2015,14779.0,869.0,19.331522075762294,309,High,1027.9909268383744,Increase Investment
Vijayawada,Technology,2018,30992.0,280.0,17.278502294837736,403,Medium,505.37980642554567,Increase Investment
Kakinada,Manufacturing,2014,45774.0,127.0,-0.39246507624752347,222,Low,875.5015693531657,Job Creation Program
Nellore,Agriculture,2017,31270.0,196.0,9.587537564697723,170,Low,963.7915736268076,Job Creation Program
Vijayawada,Healthcare,2017,12529.0,144.0,17.185613384259007,394,High,342.747283273333,Increase Investment
Kakinada,Healthcare,2020,11725.0,,17.261023700027145,14,Low,757.2494060912016,Increase Investment
Visakhapatnam,Energy,2014,18794.0,475.0,9.463545455088287,242,High,296.95184091166936,Job Creation Program
Kakinada,Energy,2017,29513.0,233.0,19.1639609845136,480,Medium,514.6520290939167,Increase Investment
Guntur,Agriculture,2015,9695.0,952.0,4.254540793867349,51,Medium,454.50322835761716,Job Creation Program
Guntur,Manufacturing,2017,32556.0,472.0,16.679433861283805,255,High,258.72692782525957,Increase Investment
Nellore,Healthcare,2022,48299.0,777.0,-14.094985554172805,205,High,735.6204905610193,Job Creation Program
Visakhapatnam,Agriculture,2015,29258.0,328.0,-0.3871046573433361,344,Low,368.73029672391385,Job Creation Program
Nellore,Healthcare,2016,37160.0,774.0,0.6095744949948871,138,Medium,150.71810659126044,Job Creation Program
Vijayawada,Agriculture,2019,6851.0,579.0,6.358661491321442,442,Low,217.81665003475115,Job Creation Program
Kakinada,Technology,2020,16867.0,,1.562125197514776,402,High,813.3590489218378,Job Creation Program
Kakinada,Healthcare,2018,7310.0,517.0,3.074742079421709,421,Medium,349.89641655061024,Job Creation Program
Kakinada,Manufacturing,2019,15336.0,184.0,2.890830384178807,149,Medium,237.319127906889,Job Creation Program
Vijayawada,Technology,2020,46641.0,512.0,9.413624748778501,131,Low,343.19775871374594,Job Creation Program
Vijayawada,Technology,2020,29716.0,363.0,1.9566915204692412,427,High,184.10279021930336,Job Creation Program
Vijayawada,Agriculture,2016,14890.0,558.0,-5.0226645016018585,185,Low,589.9735320810616,Job Creation Program
Visakhapatnam,Healthcare,2021,49773.0,772.0,5.2786084119996755,467,Low,870.7508569406375,Job Creation Program
Guntur,Agriculture,2021,24544.0,918.0,-8.299067147708257,319,High,501.8145635840382,Job Creation Program
Visakhapatnam,Healthcare,2019,34122.0,898.0,12.539131640073556,258,Low,391.6014021278605,Increase Investment
Guntur,Agriculture,2019,9418.0,493.0,1.15815899966403,225,Low,188.70972386834367,Job Creation Program
Vijayawada,Manufacturing,2021,4407.0,689.0,1.8666467446976354,268,Low,841.8611960709667,Job Creation Program
Kakinada,Technology,2023,8746.0,761.0,-4.322971658248724,246,High,132.10218568072722,Job Creation Program
Vijayawada,Manufacturing,2015,40307.0,760.0,2.448873282921636,54,High,443.61143695020445,Job Creation Program
Kakinada,Manufacturing,2015,20790.0,813.0,-4.031076611145438,81,Low,115.22734715138759,Job Creation Program
Vijayawada,Energy,2020,15116.0,527.0,7.479661273333262,329,Medium,729.4178149104663,Job Creation Program
Guntur,Technology,2014,29315.0,563.0,8.204731543908904,178,High,982.1926385922071,Job Creation Program
Nellore,Agriculture,2021,37701.0,363.0,5.537968100851213,419,High,545.1028242060898,Job Creation Program
Nellore,Technology,2015,48663.0,400.0,37.21719617837697,73,Low,318.217196178377,Job Creation Program
Nellore,Healthcare,2016,7240.0,919.0,12.417224696829923,420,Low,234.114294963867,Increase Investment
Guntur,Technology,2017,,754.0,7.8556752816494395,300,High,570.2317916236368,Job Creation Program
Guntur,Technology,2016,21689.0,175.0,12.53747753662915,457,Medium,701.940585689101,Increase Investment
Vijayawada,Healthcare,2023,48779.0,551.0,18.286974814917016,335,Low,586.7612312301927,Increase Investment
Kakinada,Technology,2023,43567.0,310.0,-1.8687192225948013,132,Low,749.2069704099562,Job Creation Program
Guntur,Energy,2021,17821.0,204.0,15.531485509321136,195,Medium,488.6842304390151,Increase Investment
Nellore,Agriculture,2018,30685.0,902.0,9.000872545079346,285,Medium,482.1878703566157,Job Creation Program
Vijayawada,Energy,2023,21981.0,641.0,16.74041144330654,374,Medium,755.3060373515949,Increase Investment
Kakinada,Energy,2019,11464.0,554.0,3.7403599701930546,100,Low,721.7215942348695,Job Creation Program
Nellore,Energy,2021,7697.0,696.0,12.235428346783117,370,High,242.1585812936105,Increase Investment
Vijayawada,Technology,2014,18331.0,714.0,-2.3587413637767325,76,Medium,719.1585866626341,Job Creation Program
Vijayawada,Healthcare,2015,46717.0,854.0,7.430729875499894,33,Low,371.4584331367691,Job Creation Program
Guntur,Agriculture,2022,6335.0,541.0,-8.798025787838744,342,Low,587.4026804877924,Job Creation Program
Guntur,Manufacturing,2021,31962.0,999.0,17.376913979046126,280,Low,1051.5953706506707,Increase Investment
Guntur,Energy,2018,19825.0,124.0,2.3062239184846973,112,Low,279.859717658921,Job Creation Program
Visakhapatnam,Technology,2020,23372.0,225.0,11.41406755999131,498,High,579.6816520099804,Increase Investment
Kakinada,Agriculture,2014,38999.0,847.0,-7.674564768433125,448,Low,625.9964364113714,Job Creation Program
Guntur,Energy,2019,39259.0,406.0,-2.55974904727521,173,Low,554.6074188680626,Job Creation Program
Kakinada,Healthcare,2018,47694.0,608.0,1.6525342134327143,319,Medium,706.0474080176709,Job Creation Program
Nellore,Technology,2014,23259.0,225.0,11.857339342500616,68,Low,224.67901352062637,Increase Investment
Guntur,Manufacturing,2015,47202.0,278.0,15.42767747916903,397,Low,532.8889433920899,Increase Investment
Vijayawada,Technology,2023,28818.0,898.0,18.82085972926461,371,Low,701.0113203687962,Increase Investment
Nellore,Energy,2022,41049.0,511.0,3.738070029234951,399,Medium,275.1015378493906,Job Creation Program
Kakinada,Agriculture,2014,27498.0,675.0,4.901089886941179,329,Medium,561.082356736853,Job Creation Program
Visakhapatnam,Energy,2022,16043.0,936.0,11.571494690866643,101,Low,727.3091903065117,Increase Investment
Vijayawada,Manufacturing,2022,22058.0,591.0,0.33009828472837643,38,High,574.9508808627447,Job Creation Program
Kakinada,Manufacturing,2016,45722.0,190.0,17.652523217010646,172,High,603.5397941123202,Increase Investment
Vijayawada,Energy,2015,,630.0,6.147165496495196,309,Medium,905.7271426279198,Job Creation Program
Guntur,Energy,2020,43498.0,75.0,10.873243252943595,417,Low,305.1549324397077,Increase Investment
Kakinada,Technology,2014,11762.0,920.0,17.755416374166114,155,Low,362.34983064232824,Increase Investment
Guntur,Energy,2015,38755.0,591.0,7.6511173102959145,322,High,473.21810330384886,Job Creation Program
Guntur,Agriculture,2021,41927.0,75.0,0.882318104690853,92,Medium,781.6617385785181,Job Creation Program
Guntur,Manufacturing,2018,9558.0,577.0,15.328550112043136,35,Low,293.4457341464889,Increase Investment
Nellore,Healthcare,2019,11912.0,668.0,6.202137182076912,244,Medium,894.4302763762738,Job Creation Program
Vijayawada,Manufacturing,2014,44429.0,947.0,17.91890007796867,55,Medium,946.6919837383633,Increase Investment
Visakhapatnam,Energy,2023,20641.0,119.0,15.793115782627243,255,Medium,655.7938077813264,Increase Investment
Vijayawada,Manufacturing,2020,46780.0,282.0,-0.4592144530294533,192,High,618.705015242457,Job Creation Program
Vijayawada,Technology,2016,5898.0,791.0,4.551347062776424,499,High,973.0011552665615,Job Creation Program
Visakhapatnam,Healthcare,2015,39347.0,182.0,19.112205625596356,130,Medium,585.7842142385854,Increase Investment
Kakinada,Energy,2015,12560.0,179.0,-4.3832511364878215,217,High,497.1539804656868,Job Creation Program
Kakinada,Technology,2016,3024.0,,4.15282794821878,442,High,883.4518412598013,Job Creation Program
Vijayawada,Energy,2021,13031.0,842.0,-4.21217392294471,446,High,565.5334955688055,Job Creation Program
Visakhapatnam,Energy,2022,38146.0,411.0,-1.5174415323021422,53,Low,109.7633153022382,Job Creation Program
Kakinada,Technology,2020,,775.0,19.205221021572637,78,Low,332.84046291718795,Increase Investment
Visakhapatnam,Energy,2021,48218.0,269.0,8.41175977971183,20,High,498.62763380742484,Job Creation Program
Nellore,Energy,2020,26988.0,741.0,8.550382461993152,358,High,479.35833404336927,Job Creation Program
Visakhapatnam,Manufacturing,2023,22826.0,,8.413140209836206,270,Low,725.1272820493126,Job Creation Program
Vijayawada,Energy,2018,5792.0,736.0,-2.0137779008928556,389,Low,552.1785946494285,Job Creation Program
Vijayawada,Healthcare,2021,,933.0,5.449602137672839,374,Medium,700.8447879444876,Job Creation Program
Vijayawada,Technology,2022,15842.0,576.0,0.8422612206340903,328,Low,317.85142463085236,Job Creation Program
Kakinada,Technology,2015,21539.0,360.0,5.688546383992801,483,Medium,660.478766982374,Job Creation Program
Nellore,Manufacturing,2022,49406.0,106.0,4.037178745545301,195,Medium,708.279409470278,Job Creation Program
Visakhapatnam,Technology,2015,10120.0,977.0,7.298200600978232,26,High,901.3034198715574,Job Creation Program
Kakinada,Technology,2022,21823.0,902.0,-2.343352380190104,409,Medium,522.8629615306853,Job Creation Program
Vijayawada,Healthcare,2016,3850.0,802.0,11.809046448304859,436,Low,481.70855251540496,Increase Investment
Visakhapatnam,Healthcare,2015,5532.0,878.0,0.9390003641942464,477,Medium,210.24442319762548,Job Creation Program
Nellore,Technology,2015,10336.0,959.0,12.083159065693248,208,Medium,981.8774954399983,Increase Investment
Visakhapatnam,Healthcare,2023,4513.0,545.0,-1.907728734655982,200,Medium,947.6028783961249,Job Creation Program
Nellore,Technology,2015,23754.0,369.0,-4.048770542247727,191,Medium,170.0600366991059,Job Creation Program
Kakinada,Agriculture,2014,17779.0,576.0,-2.8831315288384083,110,Low,545.3931623938907,Job Creation Program
Kakinada,Healthcare,2017,48921.0,,10.93506203023054,99,High,965.5103833649956,Increase Investment
Vijayawada,Technology,2018,21365.0,167.0,5.090647381747427,402,High,502.5013811275182,Job Creation Program
Kakinada,Agriculture,2021,1294.0,842.0,8.583822389250308,180,High,382.2757845174876,Job Creation Program
Nellore,Energy,2015,43243.0,895.0,6.251604260393954,130,High,573.9518581305259,Job Creation Program
Visakhapatnam,Manufacturing,2016,41030.0,275.0,17.138986089640785,215,High,542.1322117465122,Increase Investment
Nellore,Manufacturing,2020,39367.0,696.0,-2.2464429270258393,151,Medium,499.36475722790016,Job Creation Program
Nellore,Technology,2015,8847.0,96.0,-4.945396428568781,223,Medium,118.25241942857397,Job Creation Program
Kakinada,Energy,2021,49801.0,956.0,11.25637677734154,172,Low,248.61096199138512,Increase Investment
Vijayawada,Energy,2021,40220.0,505.0,1.0882084724884074,109,Low,409.49545278606644,Job Creation Program
Visakhapatnam,Energy,2023,30409.0,56.0,12.680708208385582,101,High,296.1011965966959,Increase Investment
Kakinada,Technology,2019,45143.0,458.0,9.46409830698386,165,Low,977.3455702459861,Job Creation Program
Kakinada,Agriculture,2016,10063.0,884.0,-0.23266157247627994,416,Low,551.9432716993097,Job Creation Program
Vijayawada,Manufacturing,2016,38679.0,222.0,14.935513848541607,381,Medium,752.1568407437624,Increase Investment
Vijayawada,Healthcare,2021,49114.0,196.0,10.48956482067717,222,High,837.5595470485273,Increase Investment
Nellore,Manufacturing,2016,14777.0,508.0,17.57569683732029,213,Medium,962.2845399335871,Increase Investment
Visakhapatnam,Technology,2015,47428.0,274.0,15.888505613592688,245,High,854.534505381244,Increase Investment
Nellore,Agriculture,2021,20935.0,204.0,-8.438893125651896,298,Medium,633.7846580236701,Job Creation Program
Vijayawada,Manufacturing,2023,,136.0,4.7358670019418305,208,High,542.4407791226408,Job Creation Program
Vijayawada,Agriculture,2020,9998.0,284.0,5.779701951501778,311,Medium,251.41435354226505,Job Creation Program
Visakhapatnam,Healthcare,2014,11972.0,58.0,3.5546601439664354,122,Low,306.0617028835005,Job Creation Program
Guntur,Manufacturing,2021,31348.0,,-3.08191501359943,248,Medium,487.48661688449664,Job Creation Program
Visakhapatnam,Manufacturing,2023,31936.0,60.0,4.659203428420174,173,High,154.7955220570521,Job Creation Program
Kakinada,Energy,2021,42757.0,829.0,1.1865745308286595,342,High,978.8367028605696,Job Creation Program
Nellore,Agriculture,2019,16799.0,786.0,-3.2937410269422314,201,High,176.11119552823408,Job Creation Program
Vijayawada,Manufacturing,2023,13641.0,382.0,11.840245799917376,301,Low,808.2297389556844,Increase Investment
Kakinada,Healthcare,2015,21378.0,704.0,-0.8932387636017989,472,Low,368.71159910424336,Job Creation Program
Nellore,Energy,2022,11860.0,80.0,18.694239550803704,387,High,935.9553916406429,Increase Investment
Guntur,Energy,2016,43662.0,598.0,15.82979149463635,95,Medium,585.6621531379253,Increase Investment
Kakinada,Agriculture,2023,7895.0,185.0,1.0150778514793686,371,Low,981.8778940252369,Job Creation Program
Guntur,Energy,2014,36676.0,666.0,13.702641697187232,424,High,269.25959370326694,Increase Investment
Vijayawada,Technology,2022,25811.0,476.0,-1.5674156214598902,235,Medium,273.53910164185095,Job Creation Program
Vijayawada,Healthcare,2022,23942.0,443.0,17.040883729385268,341,Low,778.4911149211767,Increase Investment
Guntur,Energy,2023,34743.0,487.0,1.7215386244751656,201,High,895.3838931011941,Job Creation Program
Visakhapatnam,Agriculture,2019,28701.0,989.0,11.027404265402534,464,Medium,321.06102818483106,Increase Investment
Visakhapatnam,Energy,2019,12258.0,983.0,12.130036344246651,122,Medium,1003.2382572639445,Increase Investment
Kakinada,Technology,2014,9458.0,919.0,14.911294238445233,498,Medium,923.0347940513117,Increase Investment
Kakinada,Energy,2019,38415.0,836.0,10.746810004579473,190,High,508.8433316382844,Increase Investment
Kakinada,Agriculture,2015,43278.0,561.0,7.867402225165556,405,Low,281.13612648317877,Job Creation Program
Nellore,Healthcare,2018,,360.0,-17.41610277799888,136,Medium,292.325507499801,Job Creation Program
Guntur,Manufacturing,2021,16371.0,84.0,15.190646739074378,237,Low,764.7601432608225,Increase Investment
Kakinada,Technology,2014,43438.0,,7.711975882700651,137,Medium,710.7908248736899,Job Creation Program
Kakinada,Agriculture,2020,,755.0,13.99459466094287,432,Low,1009.6591896901186,Increase Investment
Nellore,Energy,2019,40873.0,346.0,17.540780737159004,481,Medium,732.6911013505702,Increase Investment
Vijayawada,Agriculture,2020,35489.0,,10.124170847042134,174,Low,740.965640676408,Increase Investment
Guntur,Technology,2014,49137.0,141.0,13.756795736794292,458,Low,987.3970819888799,Increase Investment
Nellore,Healthcare,2014,24524.0,971.0,1.0037899005503546,95,Low,261.7467999343439,Job Creation Program
Kakinada,Energy,2019,47197.0,534.0,3.528733145492076,163,High,796.8434349969277,Job Creation Program
Kakinada,Energy,2018,35523.0,569.0,9.223035146117907,482,High,504.4790699814109,Job Creation Program
Visakhapatnam,Agriculture,2019,44148.0,338.0,-2.8253300132114187,86,High,466.4503845553454,Job Creation Program
Guntur,Healthcare,2014,17043.0,526.0,17.54773929372222,305,Low,532.3011086849789,Increase Investment
Vijayawada,Technology,2022,2353.0,412.0,15.464830759327697,365,High,1049.71510272843,Increase Investment
Visakhapatnam,Technology,2019,38909.0,922.0,-0.008256548983832879,134,High,956.923874618369,Job Creation Program
Guntur,Technology,2019,20648.0,365.0,19.317218581527133,451,Medium,948.507847822574,Increase Investment
Kakinada,Manufacturing,2017,12688.0,363.0,-3.2673873495312824,210,High,910.1393839212014,Job Creation Program
Guntur,Agriculture,2016,6322.0,832.0,-3.422999251895231,101,Medium,492.52064622423165,Job Creation Program
Vijayawada,Healthcare,2015,29264.0,649.0,5.7229739873427565,93,Medium,179.1421011778545,Job Creation Program
Vijayawada,Manufacturing,2014,36282.0,947.0,4.701461856523924,70,High,292.52284378128155,Job Creation Program
Visakhapatnam,Manufacturing,2015,13055.0,319.0,16.832771831443207,212,High,463.6965421423038,Increase Investment
Vijayawada,Manufacturing,2023,12760.0,636.0,16.61007467985994,308,Low,369.6400749639092,Increase Investment
Kakinada,Technology,2016,4258.0,959.0,5.381535939320512,51,Medium,566.6089296580838,Job Creation Program
Nellore,Technology,2021,33873.0,179.0,2.613079728784583,385,High,411.6774127145244,Job Creation Program
Visakhapatnam,Healthcare,2014,39452.0,405.0,0.6830517767506858,54,Low,206.76635969584026,Job Creation Program
Visakhapatnam,Agriculture,2020,16407.0,687.0,-3.909035766360427,473,Low,856.1449242851039,Job Creation Program
Nellore,Manufacturing,2018,30401.0,263.0,3.433976958931991,454,Low,781.0313594019912,Job Creation Program
Vijayawada,Healthcare,2022,29708.0,693.0,12.719981622653851,470,Medium,952.1494726449912,Increase Investment
Visakhapatnam,Healthcare,2016,48078.0,,13.434324300766782,51,Low,584.1594647032601,Increase Investment
Vijayawada,Manufacturing,2022,28862.0,120.0,-0.6447331232152251,245,Low,715.2263202521417,Job Creation Program
Visakhapatnam,Agriculture,2014,20131.0,,-8.387481032835955,491,Low,108.07499468280511,Job Creation Program
Vijayawada,Healthcare,2021,8727.0,646.0,16.75062313800414,455,Medium,923.2090254715067,Increase Investment
Vijayawada,Technology,2015,35470.0,818.0,7.047504177749435,74,High,1056.6485841739905,Job Creation Program
Kakinada,Manufacturing,2015,36169.0,792.0,15.647205660670366,191,Low,555.9258688325093,Increase Investment
Nellore,Agriculture,2020,17016.0,418.0,-7.5328693060019845,407,High,863.5126063009117,Job Creation Program
Visakhapatnam,Technology,2014,15855.0,966.0,9.121035917935664,443,Low,897.1092069672585,Job Creation Program
Vijayawada,Energy,2022,4203.0,405.0,18.312598827434563,290,High,438.16602525111,Increase Investment
Vijayawada,Technology,2023,17733.0,755.0,7.939986626345194,409,Low,915.9468990289062,Job Creation Program
Vijayawada,Energy,2021,20569.0,196.0,4.165942502411411,388,High,736.1652473047263,Job Creation Program
Vijayawada,Technology,2015,22657.0,975.0,17.736091600915778,124,High,825.9268931089289,Increase Investment
Vijayawada,Manufacturing,2017,19706.0,558.0,10.061027746536068,335,High,632.1405348256712,Increase Investment
Vijayawada,Manufacturing,2020,13818.0,208.0,-3.0571895402068625,178,High,139.64104575636972,Job Creation Program
Visakhapatnam,Energy,2016,20230.0,134.0,3.4077023603437446,491,High,400.5663211628606,Job Creation Program
Kakinada,Energy,2023,27728.0,754.0,0.14718276916498496,448,High,482.109758079504,Job Creation Program
Guntur,Technology,2014,43314.0,302.0,7.767074611179559,294,Medium,142.45656532576226,Job Creation Program
Vijayawada,Technology,2023,28775.0,259.0,5.544356048403147,456,Low,132.35988216536416,Job Creation Program
Visakhapatnam,Healthcare,2019,16248.0,703.0,16.287229541163665,199,Medium,890.4992236743806,Increase Investment
Kakinada,Agriculture,2017,29583.0,919.0,0.2986637153065921,437,High,314.7447195436676,Job Creation Program
Kakinada,Healthcare,2022,33584.0,126.0,13.049578673791121,419,Medium,221.44246912897682,Increase Investment
Visakhapatnam,Energy,2016,12340.0,491.0,9.233365797680628,75,Medium,526.3358260666118,Job Creation Program
Visakhapatnam,Manufacturing,2017,11391.0,207.0,-1.3246261275055362,455,High,399.25802391606356,Job Creation Program
Kakinada,Agriculture,2021,10852.0,,12.188547693160345,343,High,314.6376961873183,Increase Investment
Guntur,Healthcare,2014,23030.0,899.0,2.4537589069138903,288,Medium,727.0592925731559,Job Creation Program
Vijayawada,Manufacturing,2017,18323.0,636.0,-0.8132377362489382,199,Low,657.8278079974567,Job Creation Program
Visakhapatnam,Manufacturing,2017,48661.0,122.0,16.06336270879504,352,Low,173.59730250472995,Increase Investment
Nellore,Manufacturing,2017,20093.0,180.0,-2.9155236557810116,279,Medium,588.7520574195942,Job Creation Program
Guntur,Manufacturing,2014,22274.0,674.0,4.217573100099033,92,Low,503.42644269466746,Job Creation Program
Nellore,Agriculture,2017,46384.0,171.0,-5.8308932781827,419,Medium,112.02917249430759,Job Creation Program
Kakinada,Manufacturing,2016,4621.0,661.0,15.419834239358686,200,High,593.9251043221609,Increase Investment
Visakhapatnam,Healthcare,2017,23258.0,689.0,15.21982432981735,365,Medium,568.8645896324415,Increase Investment
Kakinada,Manufacturing,2018,25843.0,454.0,4.8701820719564015,329,Low,247.11062660668205,Job Creation Program
Visakhapatnam,Manufacturing,2014,29952.0,492.0,16.956311693308663,398,Low,665.4250535310787,Increase Investment
Vijayawada,Manufacturing,2014,16704.0,449.0,-4.620645023839457,440,Medium,299.25330384296086,Job Creation Program
Vijayawada,Agriculture,2015,,404.0,3.043580644772865,337,High,691.2960658048823,Job Creation Program
Visakhapatnam,Manufacturing,2017,11585.0,898.0,-4.775033567918606,201,High,837.1201985600909,Job Creation Program
Guntur,Agriculture,2021,48829.0,64.0,-9.050600810759837,420,Low,145.2076154811137,Job Creation Program
Nellore,Energy,2023,24761.0,,3.663313147000885,250,Medium,207.39597577640106,Job Creation Program
Kakinada,Technology,2019,33872.0,315.0,8.201186225094983,262,High,792.8337366090492,Job Creation Program
Kakinada,Energy,2018,12319.0,381.0,15.109360353442515,402,High,1030.566662946616,Increase Investment
Kakinada,Agriculture,2021,21921.0,267.0,2.0498729433216774,25,Medium,673.4731607586689,Job Creation Program
Vijayawada,Agriculture,2023,15648.0,414.0,5.656481866560668,336,Low,391.41783492756116,Job Creation Program
Vijayawada,Manufacturing,2017,18570.0,832.0,13.845342824459223,271,Medium,579.1932522995007,Increase Investment
Vijayawada,Agriculture,2018,5477.0,832.0,8.273200898325832,82,Low,635.8330314740709,Job Creation Program
Guntur,Manufacturing,2020,3015.0,684.0,10.604801822406762,196,Medium,761.5368444652622,Increase Investment
Guntur,Energy,2016,2754.0,171.0,-2.579531725319535,35,Low,250.5890007497036,Job Creation Program
Kakinada,Healthcare,2014,39460.0,172.0,14.280620382260093,339,Low,446.5626670574874,Increase Investment
Guntur,Agriculture,2023,3648.0,195.0,2.6233201022350023,198,High,1003.1154741993582,Job Creation Program
Vijayawada,Agriculture,2021,16321.0,408.0,2.959990665826629,343,Low,280.07676191657265,Job Creation Program
Kakinada,Technology,2016,46798.0,521.0,17.563347065964386,32,Low,486.5050382136744,Increase Investment
Visakhapatnam,Manufacturing,2018,27867.0,376.0,17.806364027528893,258,High,787.9519287435087,Increase Investment
Nellore,Manufacturing,2021,17105.0,821.0,9.236912866575269,283,High,382.83505463458295,Job Creation Program
Guntur,Technology,2022,14528.0,960.0,19.202805910152914,215,High,639.346936737468,Increase Investment
Vijayawada,Manufacturing,2020,23391.0,565.0,16.33489333842354,266,High,497.29214736209303,Increase Investment
Kakinada,Technology,2014,25815.0,582.0,6.111999449444776,148,High,204.5718367957686,Job Creation Program
Nellore,Agriculture,2019,26457.0,689.0,-1.1251221046514548,334,Medium,895.2479086989515,Job Creation Program
Vijayawada,Manufacturing,2023,16261.0,966.0,-2.636091380640294,266,Low,312.53535726301476,Job Creation Program
Nellore,Manufacturing,2014,49285.0,618.0,8.622042150734837,337,Low,583.2842204915413,Job Creation Program
Visakhapatnam,Manufacturing,2019,1256.0,721.0,9.69211875987527,140,Low,827.8801762587007,Job Creation Program
Visakhapatnam,Healthcare,2021,10581.0,469.0,4.338507407857389,58,Medium,762.3475997428511,Job Creation Program
Vijayawada,Manufacturing,2018,23666.0,296.0,-4.865036445408065,289,Low,788.5994921215921,Job Creation Program
Visakhapatnam,Healthcare,2021,46656.0,525.0,12.571661101252534,103,High,704.0012207815757,Increase Investment
Guntur,Energy,2022,13002.0,230.0,-2.9822886451503505,350,Medium,172.1407361161542,Job Creation Program
Kakinada,Manufacturing,2017,13780.0,380.0,1.694357865102937,370,Medium,511.43855988739114,Job Creation Program
Guntur,Healthcare,2014,2359.0,385.0,19.622869150422616,386,High,296.54804622912707,Increase Investment
Kakinada,Manufacturing,2021,4499.0,917.0,4.75215096950534,331,Low,822.577224390364,Job Creation Program
Vijayawada,Healthcare,2015,33839.0,476.0,5.563484505596371,214,Low,462.4821862466387,Job Creation Program
Visakhapatnam,Agriculture,2016,40477.0,665.0,9.448613186758028,70,High,931.8332776919409,Job Creation Program
Nellore,Healthcare,2014,27548.0,668.0,15.315315977204296,346,High,675.3063107277247,Increase Investment
Nellore,Agriculture,2020,10187.0,108.0,6.740281413437941,323,High,675.279503926513,Job Creation Program
Nellore,Agriculture,2014,47612.0,101.0,3.585146304956602,445,High,727.6209977680062,Job Creation Program
Kakinada,Technology,2018,15260.0,677.0,6.729437402319293,269,High,929.5582912137016,Job Creation Program
Vijayawada,Manufacturing,2020,19722.0,881.0,-0.16381929970156328,488,High,589.5567519696292,Job Creation Program
Visakhapatnam,Healthcare,2022,,939.0,14.383298247147902,250,Medium,965.0591705407188,Increase Investment
Kakinada,Energy,2022,8396.0,220.0,-0.12227949939474936,291,Low,220.73098510133156,Job Creation Program
Kakinada,Agriculture,2020,27355.0,110.0,-1.9878275586113183,183,Low,886.8133896855276,Job Creation Program
Nellore,Manufacturing,2014,10611.0,104.0,15.825155380027152,432,Low,788.4581615952283,Increase Investment
Visakhapatnam,Energy,2022,49777.0,521.0,-4.680864337052566,488,Low,461.6126968039561,Job Creation Program
Nellore,Energy,2016,44744.0,297.0,19.035439446164332,76,Low,482.5352551551081,Increase Investment
Nellore,Manufacturing,2015,28588.0,162.0,0.32125215095893545,465,High,231.52042848455346,Job Creation Program
Vijayawada,Technology,2015,12136.0,821.0,1.340390690964104,483,Low,399.0046075728153,Job Creation Program
Vijayawada,Technology,2021,20517.0,848.0,2.1311085576691635,21,Low,863.0718005690345,Job Creation Program
Guntur,Technology,2023,12085.0,942.0,10.31710861686518,490,Medium,604.18716317087,Increase Investment
Guntur,Manufacturing,2018,16150.0,967.0,7.50494838806963,425,Low,338.5728509126333,Job Creation Program
Visakhapatnam,Manufacturing,2022,38138.0,799.0,5.447687094885236,242,Medium,875.527019888133,Job Creation Program
Guntur,Agriculture,2017,23353.0,203.0,2.5145222362074673,457,Low,839.1044801395011,Job Creation Program
Vijayawada,Agriculture,2017,30732.0,632.0,8.015407266592874,448,Low,417.657373924867,Job Creation Program
Vijayawada,Agriculture,2019,47707.0,233.0,-6.297480034321814,19,Medium,664.3268715200302,Job Creation Program
Visakhapatnam,Agriculture,2017,36476.0,327.0,-9.967889361829965,466,High,339.405001786816,Job Creation Program
Visakhapatnam,Healthcare,2014,47888.0,566.0,13.122818665610989,283,Low,1023.2751536473581,Increase Investment
Visakhapatnam,Technology,2023,31020.0,744.0,11.700486312813997,347,Medium,1071.051618167336,Increase Investment
Visakhapatnam,Agriculture,2020,3484.0,880.0,12.205229830353726,169,Medium,868.4060225071128,Increase Investment
Nellore,Agriculture,2014,28916.0,889.0,6.909734451372749,277,Low,931.4275392727037,Job Creation Program
Visakhapatnam,Technology,2022,38809.0,78.0,13.766725357041373,109,Low,126.73804577849228,Increase Investment
Vijayawada,Energy,2016,38820.0,968.0,8.925170157828216,147,Low,1030.3956471277772,Job Creation Program
Visakhapatnam,Healthcare,2019,7704.0,250.0,12.136013059282284,489,Medium,886.3400326482057,Increase Investment
Visakhapatnam,Healthcare,2014,7403.0,422.0,11.73463559174673,134,Low,1039.5201621971712,Increase Investment
Visakhapatnam,Manufacturing,2018,12525.0,138.0,-4.213851123526312,222,Medium,359.1848854495337,Job Creation Program
Guntur,Technology,2021,26463.0,469.0,9.446927036022728,424,Low,300.3060877989466,Job Creation Program
Kakinada,Agriculture,2016,8399.0,244.0,-7.658563684813138,368,Medium,411.3131046090559,Job Creation Program
Kakinada,Manufacturing,2023,49094.0,196.0,17.061754873578387,308,High,879.4410395522136,Increase Investment
Nellore,Manufacturing,2017,42476.0,534.0,-4.161353214696055,96,Medium,180.77837383352306,Job Creation Program
Guntur,Manufacturing,2017,43036.0,126.0,4.168801910648503,325,Medium,926.2526904074172,Job Creation Program
Vijayawada,Technology,2019,22868.0,750.0,19.63810333138045,315,High,503.2857749853533,Increase Investment
Guntur,Manufacturing,2021,,484.0,8.559664004760968,273,Medium,976.4287737830431,Job Creation Program
Nellore,Energy,2019,46657.0,620.0,13.174447988210773,81,Medium,204.68157752690678,Increase Investment
Guntur,Technology,2021,19344.0,499.0,-0.7181647333440102,198,Medium,905.4163579806134,Job Creation Program
Kakinada,Manufacturing,2022,35108.0,223.0,1.5508751126718643,454,Medium,172.45845150125825,Job Creation Program
Guntur,Healthcare,2020,32740.0,618.0,19.564473074805115,443,Medium,786.9084436022956,Increase Investment
Nellore,Manufacturing,2019,42756.0,609.0,18.093578281666215,172,High,923.1898917353473,Increase Investment
Vijayawada,Healthcare,2023,36096.0,733.0,-4.674744664353182,49,High,750.7341216102911,Job Creation Program
Visakhapatnam,Agriculture,2018,43364.0,493.0,13.866004017905784,243,High,1026.3593998082756,Increase Investment
Visakhapatnam,Healthcare,2020,40894.0,815.0,1.7339925165884438,33,Low,538.1320390101959,Job Creation Program
Kakinada,Agriculture,2015,22346.0,971.0,-4.422749538866105,380,Medium,281.0551019776101,Job Creation Program
Visakhapatnam,Energy,2015,43218.0,156.0,10.775854392801222,27,Low,853.8103328527699,Increase Investment
Guntur,Energy,2016,4883.0,170.0,4.8095525233180325,441,Medium,842.1762392896406,Job Creation Program
Guntur,Energy,2014,11559.0,450.0,6.777093237098132,114,Medium,932.4969195669416,Job Creation Program
Vijayawada,Energy,2016,32017.0,282.0,1.252061722848545,69,High,337.5308140584329,Job Creation Program
Visakhapatnam,Agriculture,2021,12882.0,552.0,-8.616690320916348,89,Medium,432.43586942854176,Job Creation Program
Vijayawada,Technology,2023,26411.0,688.0,2.443853841806108,123,High,762.8137144316261,Job Creation Program
Kakinada,Healthcare,2015,27616.0,293.0,5.399740199381041,35,High,588.8212387841864,Job Creation Program
Guntur,Agriculture,2019,24697.0,928.0,2.0450860634735335,327,Low,876.9783986690344,Job Creation Program
Nellore,Manufacturing,2020,2995.0,960.0,5.3859754064915215,172,Medium,759.7053639023186,Job Creation Program
Guntur,Energy,2014,48703.0,897.0,14.901713134923433,224,High,696.6683668202631,Increase Investment
Visakhapatnam,Manufacturing,2014,14407.0,762.0,12.014577322969181,352,Low,425.5510792010252,Increase Investment
Kakinada,Agriculture,2019,33848.0,85.0,5.836602980894316,379,High,860.9611125337601,Job Creation Program
Nellore,Healthcare,2018,34440.0,488.0,-2.1716015581494093,214,Low,533.4025843962308,Job Creation Program
Visakhapatnam,Manufacturing,2023,,962.0,4.535220247578085,245,Low,300.62881878170117,Job Creation Program
Kakinada,Agriculture,2015,5761.0,512.0,7.332436713787299,47,High,1006.542075974591,Job Creation Program
Kakinada,Energy,2023,10638.0,885.0,17.447452619356305,309,Low,308.4099556813033,Increase Investment
Nellore,Agriculture,2023,30405.0,164.0,-3.5196166557003385,268,High,215.22782868465146,Job Creation Program
Visakhapatnam,Technology,2018,35229.0,176.0,10.38727399166798,492,High,528.2816022253356,Increase Investment
Nellore,Energy,2016,18502.0,,12.171662343372748,158,High,686.273407307104,Increase Investment
Kakinada,Manufacturing,2016,,714.0,13.00669809868489,371,High,412.86782442461015,Increase Investment
Kakinada,Energy,2017,49926.0,972.0,-3.5879143999129486,87,Low,717.1254720328461,Job Creation Program
Vijayawada,Technology,2021,12284.0,283.0,7.44672951285798,140,Medium,149.0742445213881,Job Creation Program
Nellore,Energy,2017,31151.0,120.0,15.152418699018686,373,Medium,360.18290243882245,Increase Investment
Vijayawada,Technology,2016,3970.0,61.0,-3.6810846291977297,458,Medium,210.75453837618937,Job Creation Program
Guntur,Manufacturing,2018,14767.0,637.0,-1.5336867721674068,258,High,114.23041526129362,Job Creation Program
Guntur,Healthcare,2014,43459.0,,10.794371091318885,189,Medium,366.39981654168963,Increase Investment
Visakhapatnam,Manufacturing,2020,8507.0,811.0,1.021951592637068,84,Medium,901.2880274162866,Job Creation Program
Vijayawada,Healthcare,2023,22326.0,827.0,4.243445271817219,102,Low,861.0932923979284,Job Creation Program
Kakinada,Agriculture,2022,13150.0,144.0,11.25942298249264,345,Medium,192.2135690947894,Increase Investment
Nellore,Agriculture,2021,2843.0,123.0,-5.223703282282929,263,High,925.574844962792,Job Creation Program
Guntur,Healthcare,2022,46510.0,955.0,-0.036428528294958795,237,Medium,956.6521075547831,Job Creation Program
Visakhapatnam,Healthcare,2023,29690.0,,13.277574575089055,412,Medium,523.2692107613524,Increase Investment
Visakhapatnam,Healthcare,2020,8960.0,463.0,-1.8265985581455908,227,Low,151.5428486757859,Job Creation Program
Nellore,Energy,2019,14311.0,391.0,-3.411606939402035,333,Low,350.660616866938,Job Creation Program
Nellore,Agriculture,2023,30317.0,367.0,13.773533796645857,387,Medium,340.54886903369027,Increase Investment
Vijayawada,Energy,2016,34402.0,609.0,-2.360040099346476,188,High,926.62735579498,Job Creation Program
Guntur,Technology,2018,28742.0,930.0,7.023540202107588,184,Medium,779.3189238796006,Job Creation Program
Kakinada,Healthcare,2014,41721.0,,7.159790702222345,320,High,1014.6989072243559,Job Creation Program
Visakhapatnam,Manufacturing,2018,22586.0,142.0,19.895059194497964,321,Low,759.2509840561871,Increase Investment
Kakinada,Manufacturing,2023,26905.0,854.0,-1.993725335731634,227,Low,967.9735856328518,Job Creation Program
Guntur,Agriculture,2021,47626.0,850.0,13.423731347717386,22,Medium,954.1017164555977,Increase Investment
Vijayawada,Technology,2022,29287.0,773.0,19.52465756996708,89,Low,662.9256030158456,Increase Investment
Vijayawada,Healthcare,2016,15633.0,366.0,16.781924703028928,447,Medium,935.4218444130859,Increase Investment
Vijayawada,Agriculture,2022,39138.0,896.0,4.733291123693201,399,High,997.4102884682911,Job Creation Program
Guntur,Energy,2018,39333.0,437.0,-3.7711842818822405,236,Low,708.5199246881746,Job Creation Program
Guntur,Energy,2018,23820.0,534.0,-3.9851003674406646,300,High,969.7195640378668,Job Creation Program
Visakhapatnam,Technology,2017,27246.0,874.0,3.19137409209039,382,Medium,285.89260956487,Job Creation Program
Vijayawada,Healthcare,2016,37196.0,353.0,15.391638520365841,381,Medium,787.3324839768915,Increase Investment
Kakinada,Technology,2022,2746.0,233.0,5.5611447507719785,146,Low,464.9574672692987,Job Creation Program
Vijayawada,Agriculture,2016,29810.0,686.0,1.0318584187517175,259,Medium,631.0785487526368,Job Creation Program
Kakinada,Energy,2017,1036.0,814.0,15.909605890780643,364,Low,908.5041919509545,Increase Investment
Visakhapatnam,Energy,2023,6067.0,306.0,0.028413564759431686,303,High,886.0869455081638,Job Creation Program
Vijayawada,Energy,2015,37665.0,195.0,18.644616156023893,261,High,1034.3570015042467,Increase Investment
Visakhapatnam,Manufacturing,2017,29013.0,982.0,-3.3749802762777876,348,Low,401.85769368695213,Job Creation Program
Nellore,Energy,2019,49817.0,750.0,6.561420426628699,81,High,677.2106531997152,Job Creation Program
Vijayawada,Energy,2020,17800.0,80.0,-3.872778599865252,143,High,513.9017771201078,Job Creation Program
Vijayawada,Manufacturing,2022,12019.0,177.0,11.725521644970001,244,Low,285.1885433278992,Job Creation Program
Visakhapatnam,Healthcare,2021,1591.0,183.0,10.654351844847367,397,Medium,466.4974638760707,Increase Investment
Guntur,Manufacturing,2019,29979.0,847.0,10.192745205675115,475,High,427.33255189206824,Increase Investment
Guntur,Technology,2016,21044.0,94.0,9.678320039605023,352,Low,842.0976208372288,Job Creation Program
Kakinada,Agriculture,2022,36053.0,184.0,9.167630949920373,289,High,710.8684409478535,Job Creation Program
Guntur,Energy,2019,24447.0,353.0,18.920891688576575,446,Medium,335.7907476606753,Increase Investment
Nellore,Energy,2017,26105.0,541.0,4.498998806493814,394,High,423.33958354313154,Job Creation Program
Kakinada,Agriculture,2017,37047.0,986.0,-6.25343002783621,206,Medium,801.341179925535,Job Creation Program
Guntur,Agriculture,2017,15340.0,638.0,-2.2841837869012336,266,Low,851.4269074395702,Job Creation Program
Kakinada,Energy,2021,30058.0,277.0,-4.446638724262574,484,High,293.6828107337927,Job Creation Program
Vijayawada,Energy,2022,30677.0,786.0,9.126807075917341,145,Medium,619.7367036167103,Job Creation Program
Nellore,Manufacturing,2016,,105.0,13.473646164468189,323,High,201.14732847269158,Increase Investment
Visakhapatnam,Agriculture,2021,,358.0,0.9194292330829921,164,High,950.2915566544372,Job Creation Program
Nellore,Agriculture,2017,4676.0,779.0,3.064320506545238,496,High,663.8710567459874,Job Creation Program
Nellore,Agriculture,2017,5267.0,918.0,-7.7129260517588225,494,Low,490.195338844854,Job Creation Program
Nellore,Energy,2014,46210.0,306.0,19.449835593455866,77,Low,831.5164969159749,Increase Investment
Vijayawada,Energy,2019,25762.0,823.0,-4.989742764020628,382,Medium,465.93441705211023,Job Creation Program
Vijayawada,Energy,2021,16595.0,609.0,5.349192462101353,286,Medium,230.57658209419725,Job Creation Program
Nellore,Energy,2020,18862.0,75.0,7.189540084917901,17,Low,620.3921550636884,Job Creation Program
Guntur,Manufacturing,2018,22034.0,474.0,9.424182761709275,51,High,747.670626290502,Job Creation Program
Kakinada,Energy,2014,4869.0,137.0,11.47888861500336,16,Medium,166.7260774025546,Increase Investment
Nellore,Technology,2014,8147.0,513.0,-3.322656684253032,72,High,552.9547712097819,Job Creation Program
Visakhapatnam,Healthcare,2018,24402.0,92.0,8.55083362743005,435,Low,751.8667669372356,Job Creation Program
Kakinada,Technology,2019,39893.0,756.0,19.98290670474282,207,High,1007.0707746878558,Increase Investment
Vijayawada,Agriculture,2023,24880.0,661.0,-4.461821202440824,58,Low,132.50736185186616,Job Creation Program
Guntur,Healthcare,2016,10474.0,663.0,5.072250776251215,168,Low,945.6290226465455,Job Creation Program
Visakhapatnam,Agriculture,2019,17052.0,464.0,8.820224862775248,39,Medium,467.9258433632772,Job Creation Program
Visakhapatnam,Technology,2022,9851.0,666.0,5.453289994840567,318,Low,776.3189113656382,Job Creation Program
Kakinada,Technology,2019,23554.0,78.0,-4.625037490571583,262,Low,155.39247075735418,Job Creation Program
Kakinada,Technology,2017,17479.0,138.0,16.55837291099329,240,High,367.85055461717076,Increase Investment
Guntur,Agriculture,2016,16186.0,443.0,2.6218703773826775,404,High,200.61488577180526,Job Creation Program
Visakhapatnam,Manufacturing,2022,25673.0,169.0,6.003019274623405,208,Low,681.1451025741136,Job Creation Program
Kakinada,Healthcare,2023,49205.0,275.0,4.286583483361788,262,High,584.7881045792449,Job Creation Program
Guntur,Agriculture,2019,25563.0,292.0,3.8542430402750014,19,High,788.2543896776031,Job Creation Program
Kakinada,Technology,2016,33009.0,224.0,7.441238862630454,331,High,250.66837505229222,Job Creation Program
Kakinada,Agriculture,2014,22988.0,648.0,-9.768960289862141,342,High,436.69713732169333,Job Creation Program
Nellore,Technology,2019,3400.0,349.0,-4.387993354670002,362,Medium,239.6859031922017,Job Creation Program
Kakinada,Healthcare,2021,30410.0,397.0,3.746255902271372,95,Medium,594.8726359320174,Job Creation Program
Guntur,Energy,2019,4809.0,413.0,2.237446627992991,259,Low,847.2406545736111,Job Creation Program
Visakhapatnam,Healthcare,2018,14136.0,905.0,13.841653447739532,296,Low,510.26696370204274,Increase Investment
Vijayawada,Healthcare,2017,13300.0,652.0,13.583322839141417,265,Low,258.56326491120205,Increase Investment
Kakinada,Agriculture,2018,23829.0,815.0,-4.1687077183402,70,High,525.0250320955274,Job Creation Program
Visakhapatnam,Agriculture,2016,46028.0,551.0,9.432389395976838,293,High,204.97246557183237,Job Creation Program
Nellore,Healthcare,2022,14470.0,938.0,1.223224692864843,244,Medium,515.4738476190722,Job Creation Program
Nellore,Agriculture,2014,,391.0,0.28527329401163826,15,Low,244.1154185795855,Job Creation Program
Kakinada,Healthcare,2023,34305.0,614.0,11.471385105671054,28,High,561.4343045488203,Increase Investment
Vijayawada,Energy,2016,35319.0,322.0,7.730563458176949,259,Medium,591.8924143353298,Job Creation Program
Kakinada,Healthcare,2016,27997.0,671.0,13.820425652220244,29,Medium,205.73505612639784,Increase Investment
Guntur,Healthcare,2020,17672.0,594.0,12.732857370087086,376,High,334.6331727783173,Increase Investment
Vijayawada,Agriculture,2019,48148.0,878.0,-0.21364323013822073,490,Low,993.1242124393864,Job Creation Program
Nellore,Energy,2015,41551.0,975.0,14.583417298115513,178,Low,659.1883186566263,Increase Investment
Vijayawada,Energy,2017,34298.0,731.0,11.429941541001554,130,Low,960.5528726647213,Increase Investment
Kakinada,Energy,2022,31226.0,496.0,9.357338492714339,242,Medium,908.4123989238631,Job Creation Program
Guntur,Healthcare,2018,10596.0,206.0,3.755915358176919,428,High,439.73718563784445,Job Creation Program
Guntur,Agriculture,2023,22818.0,288.0,-1.6748091736938946,104,High,747.1765495797616,Job Creation Program
Kakinada,Technology,2014,42335.0,791.0,-3.477194328211823,226,High,331.4953928638445,Job Creation Program
Kakinada,Healthcare,2021,22182.0,922.0,-3.7029480601501947,170,High,85.8588188854152,Job Creation Program
Kakinada,Technology,2017,31255.0,940.0,16.79665614627362,294,Low,538.888567774972,Increase Investment
Vijayawada,Manufacturing,2019,35364.0,529.0,10.096847795654753,22,High,904.4123248390136,Increase Investment
Guntur,Manufacturing,2022,,136.0,9.811018884961486,482,High,750.3429856835476,Job Creation Program
Vijayawada,Healthcare,2015,37903.0,,17.338364587460923,113,Low,788.0415078465526,Increase Investment
Nellore,Agriculture,2019,27974.0,574.0,-3.856242195352804,93,Low,540.8651697986749,Job Creation Program
Nellore,Energy,2019,27179.0,275.0,11.122658096622924,142,Medium,984.587309765713,Increase Investment
Nellore,Manufacturing,2023,44132.0,162.0,9.797860110476751,256,Medium,264.8725333789723,Job Creation Program
Nellore,Healthcare,2014,12552.0,538.0,12.346134656806658,261,Medium,242.42220445361983,Increase Investment
Vijayawada,Agriculture,2022,49926.0,817.0,-0.6620083942064703,488,Medium,528.5913914193331,Job Creation Program
Nellore,Agriculture,2014,,558.0,3.968236088113475,421,High,965.1427573716732,Job Creation Program
Vijayawada,Energy,2017,2614.0,509.0,13.12275679590211,130,High,711.7948320911418,Increase Investment
Guntur,Energy,2022,33470.0,210.0,2.166514532175575,215,Low,672.5496805175687,Job Creation Program
Guntur,Manufacturing,2019,19781.0,159.0,2.3135107120392453,147,High,505.6784820321424,Job Creation Program
Guntur,Manufacturing,2023,32457.0,245.0,15.199142231518934,71,High,248.23789846722138,Increase Investment
Guntur,Manufacturing,2019,45348.0,581.0,32.057054429917336,315,Medium,226.56287155945495,Job Creation Program
Nellore,Technology,2021,47785.0,993.0,25.612720894663326,460,Medium,188.58357962100172,Job Creation Program
Vijayawada,Agriculture,2021,26037.0,217.0,4.388737695777582,90,Low,972.5235607998374,Job Creation Program
Nellore,Healthcare,2020,7159.0,409.0,6.60829361987882,203,Medium,267.02792090530437,Job Creation Program
Guntur,Energy,2014,7820.0,476.0,7.928759057096931,329,High,426.74089311178136,Job Creation Program
Nellore,Energy,2022,,754.0,6.027904102458342,398,Low,262.4503969325359,Job Creation Program
Nellore,Technology,2015,3711.0,409.0,7.830499395695469,482,Low,382.0267425283945,Job Creation Program
Kakinada,Agriculture,2019,47246.0,859.0,-5.290794198323256,473,Medium,717.5520778364032,Job Creation Program
Vijayawada,Energy,2020,4339.0,664.0,0.9726173916894139,121,Low,921.4581794808178,Job Creation Program
Kakinada,Technology,2020,38116.0,,5.7028392436810424,176,Low,303.65323127802253,Job Creation Program
Kakinada,Manufacturing,2023,12280.0,117.0,13.653274455966056,416,Medium,422.9743311134803,Increase Investment
Vijayawada,Energy,2020,,451.0,18.469003179093974,211,Medium,1056.2952043377138,Increase Investment
Visakhapatnam,Energy,2016,8292.0,819.0,8.604502898548839,378,Medium,405.470878739115,Job Creation Program
Nellore,Manufacturing,2023,23320.0,173.0,5.044841758334094,210,Medium,509.727576241918,Job Creation Program
Nellore,Technology,2016,25016.0,428.0,-0.6951433143561427,74,Low,917.0247866145558,Job Creation Program
Nellore,Healthcare,2014,10945.0,960.0,14.9485797313325,145,Low,757.506365420792,Increase Investment
Vijayawada,Manufacturing,2014,,169.0,13.2117736389648,78,Low,966.3278974498505,Increase Investment
Vijayawada,Healthcare,2017,35168.0,687.0,0.1505930895521077,257,Medium,536.034574525223,Job Creation Program
Kakinada,Agriculture,2020,29016.0,550.0,-5.950820389926491,76,Medium,152.2704878554043,Job Creation Program
Visakhapatnam,Energy,2022,27911.0,508.0,3.2354164343610723,33,High,966.4359154865542,Job Creation Program
Guntur,Healthcare,2023,11956.0,873.0,15.568412151085784,156,High,1014.9122380789789,Increase Investment
Vijayawada,Agriculture,2022,40938.0,133.0,13.198355030925537,185,High,588.553812191131,Increase Investment
Kakinada,Technology,2018,35828.0,391.0,12.4658897357989,223,Low,641.7416288669737,Increase Investment
Visakhapatnam,Agriculture,2018,29391.0,877.0,5.838382340404255,488,High,786.2026131253454,Job Creation Program
Guntur,Agriculture,2019,8896.0,409.0,-6.7573435502493275,224,Low,86.36246487948026,Job Creation Program
Guntur,Agriculture,2014,23191.0,694.0,13.932840329784323,23,Medium,779.6939118887033,Increase Investment
Visakhapatnam,Healthcare,2018,3019.0,609.0,8.529701396425608,120,Medium,998.9458815042319,Job Creation Program
Vijayawada,Manufacturing,2022,5131.0,462.0,10.27366314256633,53,Medium,401.46432371865643,Increase Investment
Visakhapatnam,Energy,2015,22326.0,551.0,17.556140577405785,335,Medium,262.7343345815059,Increase Investment
Guntur,Agriculture,2018,36399.0,297.0,8.700868483539718,105,Medium,446.84157939611293,Job Creation Program
Guntur,Manufacturing,2018,16256.0,859.0,8.881583065198505,190,High,1006.2927985300552,Job Creation Program
Guntur,Technology,2015,18412.0,643.0,6.559044603693334,127,Low,723.1746568017481,Job Creation Program
Guntur,Agriculture,2014,29287.0,234.0,-0.7735960164548992,230,Low,167.18978532149555,Job Creation Program
Visakhapatnam,Agriculture,2022,38081.0,737.0,14.96053084809435,109,Low,266.2591123504554,Increase Investment
Visakhapatnam,Technology,2023,45187.0,614.0,14.702973498630474,453,High,1065.2762572815911,Increase Investment
Guntur,Manufacturing,2020,33596.0,713.0,-3.7491040891310816,69,High,506.2688878444954,Job Creation Program
Vijayawada,Energy,2020,36335.0,331.0,9.103173594049911,444,Medium,339.1315045963052,Job Creation Program
Visakhapatnam,Technology,2022,49115.0,568.0,17.81212635575921,76,Low,850.1728777007123,Increase Investment
Visakhapatnam,Agriculture,2020,40159.0,263.0,-2.840848302821036,135,High,972.5285689635807,Job Creation Program
Guntur,Agriculture,2016,11139.0,752.0,-2.4770231708645305,147,Low,550.3727857550987,Job Creation Program
Kakinada,Manufacturing,2020,34077.0,69.0,13.848442111035602,499,High,649.5554250566146,Increase Investment
Nellore,Energy,2019,48046.0,,9.574961992957892,314,Low,563.8430481826064,Job Creation Program
Kakinada,Technology,2023,46499.0,476.0,12.528528284589424,468,Medium,879.6357946346457,Increase Investment
Vijayawada,Healthcare,2019,44020.0,352.0,10.03292060840378,169,Medium,888.3158805415814,Increase Investment
Guntur,Healthcare,2021,29924.0,109.0,11.830106150395235,40,Low,842.8948157039308,Increase Investment
Kakinada,Manufacturing,2018,33899.0,373.0,6.441140400838506,18,Medium,750.0254536951277,Job Creation Program
Nellore,Manufacturing,2019,4574.0,279.0,9.846844191696537,398,High,689.4726952948333,Job Creation Program
Kakinada,Technology,2016,9520.0,865.0,17.48125767453912,352,High,715.2128788847633,Increase Investment
Kakinada,Energy,2017,22804.0,55.0,15.799751327758685,263,Low,540.6898632302673,Increase Investment
Nellore,Agriculture,2018,,615.0,3.9211103283640636,21,Low,288.114828519439,Job Creation Program
Guntur,Energy,2014,27398.0,732.0,8.307756584497765,264,Medium,1054.8127781985236,Job Creation Program
Visakhapatnam,Healthcare,2015,5876.0,477.0,19.15249681828705,457,High,243.35740982322926,Increase Investment
Nellore,Manufacturing,2015,14880.0,851.0,-3.0431379817531035,263,Low,742.1028957752811,Job Creation Program
Visakhapatnam,Agriculture,2022,5316.0,213.0,-1.3512620534199264,384,Medium,818.1218118262155,Job Creation Program
Vijayawada,Healthcare,2023,45839.0,580.0,-2.1081194087970863,460,High,232.7729074289769,Job Creation Program
Vijayawada,Healthcare,2014,38981.0,667.0,12.427278456518962,350,Medium,772.8899473049814,Increase Investment
Visakhapatnam,Technology,2023,18881.0,405.0,7.404398152527882,196,High,242.98781251773792,Job Creation Program
Vijayawada,Technology,2019,18326.0,258.0,1.3067272400211483,236,Medium,676.3713562792545,Job Creation Program
Nellore,Technology,2018,37665.0,551.0,-3.2874301857026484,36,Medium,148.88625967677842,Job Creation Program
Vijayawada,Manufacturing,2021,30541.0,286.0,-1.1675959871153148,295,Medium,756.6606754768502,Job Creation Program
Kakinada,Energy,2022,22793.0,110.0,3.9572365905970557,344,Medium,1003.3529602496568,Job Creation Program
Nellore,Energy,2014,48899.0,424.0,-2.390713547929275,202,Medium,937.8633745567798,Job Creation Program
Kakinada,Energy,2021,36421.0,480.0,6.773020660440887,130,Low,1030.5104991701162,Job Creation Program
Guntur,Healthcare,2014,13460.0,836.0,16.08697922813785,331,High,299.4871463472324,Increase Investment
Nellore,Technology,2016,12218.0,985.0,-4.459325188455155,289,Low,351.07564689371674,Job Creation Program
Guntur,Manufacturing,2018,3076.0,824.0,2.948995791490443,430,High,476.2997253218812,Job Creation Program
Vijayawada,Technology,2018,32668.0,813.0,17.93640554727534,460,Medium,762.8229770993485,Increase Investment
Visakhapatnam,Technology,2022,9108.0,93.0,0.48238206262076666,325,Medium,704.4486153182373,Job Creation Program
Nellore,Healthcare,2023,4201.0,736.0,7.830964302411479,292,High,560.6358972657484,Job Creation Program
Kakinada,Healthcare,2022,9204.0,52.0,6.264562320402934,475,Medium,277.25757240660954,Job Creation Program
Nellore,Technology,2016,44732.0,459.0,8.80045430739128,49,High,886.394085270926,Job Creation Program
Kakinada,Agriculture,2017,32740.0,191.0,-5.684772177443136,55,Low,326.1420851410836,Job Creation Program
Visakhapatnam,Technology,2022,6004.0,227.0,7.4712755936068564,350,High,663.9597955974875,Job Creation Program
Vijayawada,Energy,2023,2645.0,758.0,19.154450620863418,97,Low,782.1907357061448,Increase Investment
Kakinada,Energy,2016,37741.0,324.0,10.11531783763054,224,High,616.773629793923,Increase Investment
Kakinada,Healthcare,2019,22675.0,784.0,12.100621542301795,345,High,491.8688728916461,Increase Investment
Kakinada,Energy,2022,,949.0,3.5376777671010906,131,High,328.57256200978935,Job Creation Program
Visakhapatnam,Manufacturing,2014,24476.0,250.0,-4.95170214271237,402,High,639.620744643219,Job Creation Program
Nellore,Healthcare,2019,17738.0,633.0,14.150647487982411,116,Medium,1013.5735985989287,Increase Investment
Kakinada,Energy,2015,27107.0,940.0,-2.3360129883058005,430,Low,903.0414779099254,Job Creation Program
Kakinada,Energy,2022,30722.0,849.0,-4.9717131219782456,146,Low,536.7901555944047,Job Creation Program
Kakinada,Manufacturing,2019,2019.0,,3.1860140738516662,492,Low,970.8067139981985,Job Creation Program
Kakinada,Manufacturing,2022,4273.0,696.0,10.630288346437876,205,Medium,727.9868068912076,Increase Investment
Nellore,Healthcare,2023,4736.0,628.0,7.5428204172122975,371,High,754.3689122200932,Job Creation Program
Nellore,Healthcare,2016,45466.0,579.0,9.37173737895177,25,Low,905.2623594241308,Job Creation Program
Vijayawada,Energy,2018,17995.0,,-1.118084920566735,409,High,176.0665014846718,Job Creation Program
Vijayawada,Energy,2017,4646.0,125.0,14.749368989245834,382,Low,990.4367112365572,Increase Investment
Visakhapatnam,Technology,2020,45788.0,701.0,9.349037937540743,56,High,586.5367559421607,Job Creation Program
Nellore,Energy,2020,35296.0,978.0,8.989371048896833,271,Medium,568.9160488582111,Job Creation Program
Nellore,Energy,2020,36111.0,156.0,2.1515012914821376,27,Low,185.35634201471214,Job Creation Program
Visakhapatnam,Healthcare,2020,31649.0,508.0,13.016611362696558,203,Medium,630.1243857224986,Increase Investment
Guntur,Energy,2021,7617.0,80.0,15.097117718381334,72,High,415.0776941747051,Increase Investment
Kakinada,Energy,2015,11169.0,782.0,11.99545313049925,37,Low,269.8044434805041,Increase Investment
Vijayawada,Manufacturing,2018,46087.0,811.0,17.756794281348746,381,Medium,839.0076016217383,Increase Investment
Guntur,Manufacturing,2021,30665.0,127.0,-1.9370214365726541,282,High,111.53998277555273,Job Creation Program
Visakhapatnam,Energy,2021,42400.0,235.0,0.8576274834294475,25,Medium,724.0154245860592,Job Creation Program
Visakhapatnam,Technology,2014,39038.0,493.0,2.5877531219527867,472,Medium,141.75762289122724,Job Creation Program
Kakinada,Energy,2014,49927.0,329.0,11.533452845905316,413,High,448.9450598630285,Increase Investment
Visakhapatnam,Technology,2015,22682.0,96.0,3.8397786489329633,371,High,992.6861875029756,Job Creation Program
Nellore,Technology,2016,48024.0,972.0,7.106654952743137,75,Medium,708.0766861406632,Job Creation Program
Vijayawada,Agriculture,2018,12977.0,988.0,10.789957411026911,24,High,822.6047792209458,Increase Investment
Guntur,Healthcare,2018,48895.0,901.0,11.628321504593139,191,High,350.7711767563842,Increase Investment
Visakhapatnam,Agriculture,2020,41592.0,91.0,2.126799639079344,463,Low,114.9353876715622,Job Creation Program
Kakinada,Technology,2021,28684.0,63.0,13.778681098786024,92,High,601.6805690922351,Increase Investment
Guntur,Healthcare,2022,46520.0,505.0,7.24734360960435,427,High,934.599085228502,Job Creation Program
Vijayawada,Technology,2018,6767.0,792.0,17.732603660151234,337,High,529.4422209883978,Increase Investment
Visakhapatnam,Energy,2019,36568.0,972.0,16.94581508939536,118,Low,1057.713322668923,Increase Investment
Nellore,Manufacturing,2021,35923.0,370.0,0.6224201432601815,355,High,429.30295453006266,Job Creation Program
Kakinada,Agriculture,2020,36843.0,682.0,10.24782800765226,477,High,813.8901870121884,Increase Investment
Nellore,Technology,2023,21434.0,962.0,8.423081535502925,155,High,1001.0300443715381,Job Creation Program
Kakinada,Energy,2019,18427.0,627.0,17.496432046229874,156,Low,373.7026289298613,Increase Investment
Kakinada,Technology,2016,1794.0,312.0,-3.5789857321902883,234,Medium,321.8335645155663,Job Creation Program
Visakhapatnam,Technology,2019,9050.0,514.0,11.25626799115475,48,Low,439.85721747453545,Increase Investment
Visakhapatnam,Manufacturing,2014,20280.0,771.0,19.302399830307774,107,Low,654.821502691673,Increase Investment
Visakhapatnam,Agriculture,2017,33322.0,851.0,-5.809460903985388,90,Low,708.5614877070843,Job Creation Program
Visakhapatnam,Technology,2015,16802.0,977.0,18.953069886990324,485,High,798.1714927958955,Increase Investment
Vijayawada,Manufacturing,2021,40963.0,881.0,19.837539009892705,457,Low,648.7687186771548,Increase Investment
Kakinada,Technology,2021,16797.0,185.0,18.115570446063213,181,Low,993.5138053252169,Increase Investment
Visakhapatnam,Healthcare,2021,24235.0,326.0,17.217330369619958,280,Low,961.1284970049611,Increase Investment
Guntur,Manufacturing,2019,11440.0,810.0,6.384103364037513,486,High,616.7112372487038,Job Creation Program
Kakinada,Manufacturing,2014,2031.0,263.0,6.545860864015209,265,High,573.21561407236,Job Creation Program
Vijayawada,Agriculture,2015,48207.0,855.0,8.189833582618583,124,High,627.0230771313888,Job Creation Program
Guntur,Agriculture,2017,35862.0,85.0,-9.664427121996809,482,Low,615.7852369463027,Job Creation Program
Kakinada,Energy,2021,23058.0,805.0,12.935861271956341,94,High,990.1336832392485,Increase Investment
Kakinada,Agriculture,2021,24913.0,161.0,-6.009251668680898,178,High,937.3251048134238,Job Creation Program
Visakhapatnam,Technology,2020,15557.0,126.0,19.41225085110623,166,Medium,248.45943607239386,Increase Investment
Vijayawada,Agriculture,2020,29004.0,734.0,11.699111167053957,382,Low,186.87147596617604,Increase Investment
Kakinada,Energy,2017,17676.0,633.0,16.512787164686127,132,High,647.5259427524632,Increase Investment
Visakhapatnam,Agriculture,2014,9619.0,667.0,-4.649822170653144,309,High,615.9856861217436,Job Creation Program
Nellore,Agriculture,2023,16372.0,346.0,-9.502462906498055,94,Low,858.1214783435167,Job Creation Program
Guntur,Agriculture,2015,26168.0,405.0,-2.3938422128353833,25,Low,134.3049390380167,Job Creation Program
Visakhapatnam,Technology,2018,,495.0,15.328584757483412,484,Medium,1025.876494549543,Increase Investment
Guntur,Healthcare,2023,20968.0,551.0,5.7605477021991724,67,High,825.7406178391175,Job Creation Program
Nellore,Healthcare,2022,30389.0,359.0,-3.5165442298402527,424,Medium,353.37560621487347,Job Creation Program
Kakinada,Manufacturing,2016,5123.0,269.0,-3.862836463193135,272,High,824.6089699140105,Job Creation Program
Vijayawada,Energy,2023,33333.0,346.0,17.70087190839304,437,High,671.2450168030399,Increase Investment
Nellore,Manufacturing,2014,41756.0,489.0,18.507795023193793,289,Medium,297.50311766341764,Increase Investment
Visakhapatnam,Manufacturing,2018,18765.0,171.0,19.346944176090993,99,Medium,325.0832745411156,Increase Investment
Nellore,Technology,2023,22330.0,160.0,-1.3259898524047116,290,Medium,110.87841623615246,Job Creation Program
Vijayawada,Manufacturing,2019,10821.0,618.0,12.619895903304666,329,Low,786.9909566824228,Increase Investment
Kakinada,Manufacturing,2015,24606.0,428.0,14.128829021213672,418,Low,802.4713882107945,Increase Investment
Kakinada,Agriculture,2019,29390.0,340.0,11.6926364941672,170,Medium,176.75496408016846,Increase Investment
Kakinada,Manufacturing,2018,1005.0,730.0,-0.4269000394671778,117,High,906.8836297118896,Job Creation Program
Guntur,Healthcare,2023,14057.0,706.0,16.377216597650904,19,Medium,959.6231491794153,Increase Investment
Nellore,Energy,2018,32419.0,733.0,17.330903680248667,14,High,427.03552397622275,Increase Investment
Vijayawada,Agriculture,2015,29840.0,810.0,6.192726869755745,161,Low,699.1610876450216,Job Creation Program
Guntur,Technology,2015,2659.0,647.0,-3.9507374148483247,49,High,754.4387289259313,Job Creation Program
Kakinada,Healthcare,2017,14347.0,606.0,12.444925826563097,163,High,893.4162505089723,Increase Investment
Kakinada,Technology,2016,45852.0,815.0,16.011239540970138,196,High,1100.4916022589066,Increase Investment
Guntur,Energy,2022,34953.0,263.0,4.079729902271231,417,High,532.7296896429733,Job Creation Program
Guntur,Technology,2023,41247.0,185.0,6.515622970531496,464,High,575.0134756238708,Job Creation Program
Kakinada,Agriculture,2015,37972.0,472.0,12.572525279084278,231,Medium,652.3423193172778,Increase Investment
Nellore,Energy,2022,8240.0,889.0,17.786350086370984,63,High,696.1206522678381,Increase Investment
Vijayawada,Technology,2016,39397.0,224.0,16.013833918781604,194,High,644.8709879780708,Increase Investment
Guntur,Healthcare,2016,11386.0,530.0,12.36679323992394,166,High,847.5440041715968,Increase Investment
Vijayawada,Healthcare,2021,46609.0,62.0,3.0461658800330067,307,High,600.8886228456205,Job Creation Program
Vijayawada,Energy,2023,36989.0,537.0,10.034605569218273,455,Low,988.8858319067022,Increase Investment
Nellore,Manufacturing,2022,18974.0,934.0,12.8257864093776,193,High,529.7928450635868,Increase Investment
Visakhapatnam,Manufacturing,2020,6700.0,58.0,34.42000021136278,421,Low,897.9909000306476,Job Creation Program
Guntur,Energy,2017,40377.0,148.0,9.56384592604985,21,High,143.15449197055378,Job Creation Program
Kakinada,Energy,2015,,791.0,5.6960142656763235,154,Low,643.0554728414997,Job Creation Program
Visakhapatnam,Healthcare,2017,40624.0,434.0,3.0174821260330713,264,High,135.09587242698353,Job Creation Program
Guntur,Agriculture,2017,21954.0,472.0,-8.173705579733486,36,Medium,862.420109663658,Job Creation Program
Guntur,Technology,2021,13069.0,478.0,19.930680115728293,402,High,273.26865095318124,Increase Investment
Guntur,Technology,2023,11375.0,533.0,17.64879797986611,311,High,825.0680932326864,Increase Investment
Kakinada,Manufacturing,2014,16233.0,962.0,11.946715401443633,302,Medium,1025.9274021618878,Increase Investment
Kakinada,Agriculture,2020,43402.0,747.0,-3.649471272610932,399,Low,514.7384495935963,Job Creation Program
Kakinada,Energy,2023,42457.0,954.0,11.53259905717167,342,Medium,241.02099500541772,Increase Investment
Nellore,Agriculture,2020,18754.0,954.0,-1.2931346159202128,116,Low,814.6634957641212,Job Creation Program
Kakinada,Technology,2016,42223.0,521.0,17.569401194113624,280,High,696.536580221332,Increase Investment
Nellore,Energy,2015,19675.0,397.0,12.34044094457197,191,High,434.9915505499507,Increase Investment
Visakhapatnam,Technology,2014,,903.0,-3.1460223556492317,50,High,927.5914181284875,Job Creation Program
Visakhapatnam,Healthcare,2023,43340.0,160.0,18.363951813582045,317,High,362.3823229017313,Increase Investment
Vijayawada,Manufacturing,2023,36533.0,819.0,12.802951408353383,36,Low,786.8561720344142,Increase Investment
Visakhapatnam,Agriculture,2020,12223.0,910.0,-8.16123802559302,208,High,799.7327339671035,Job Creation Program
Visakhapatnam,Manufacturing,2021,2082.0,958.0,1.1837842954435702,351,Low,575.3406535503494,Job Creation Program
Kakinada,Healthcare,2015,19281.0,,18.87746390414215,23,High,498.60642937492423,Increase Investment
Kakinada,Technology,2022,28825.0,436.0,-0.856274615288628,208,Medium,143.2666426773416,Job Creation Program
Visakhapatnam,Technology,2016,,908.0,13.743821967425951,379,Medium,1080.7939034642277,Increase Investment
Kakinada,Technology,2017,18229.0,811.0,0.7772230533642137,198,Medium,115.30327896278378,Job Creation Program
Visakhapatnam,Manufacturing,2021,20014.0,698.0,-4.374621202728647,363,High,879.465144004954,Job Creation Program
Guntur,Healthcare,2021,15322.0,578.0,-0.12063462399984459,199,High,438.3027318732809,Job Creation Program
Guntur,Healthcare,2021,41379.0,408.0,-0.6325092444054672,158,Low,864.4193622828257,Job Creation Program
Visakhapatnam,Technology,2014,17820.0,942.0,13.763099517418723,62,Low,501.6483974540844,Increase Investment
Guntur,Healthcare,2014,34872.0,754.0,-2.060009585032456,335,Medium,725.4675277288553,Job Creation Program
Kakinada,Agriculture,2018,24901.0,737.0,-9.854905778926472,152,Low,298.3693444093119,Job Creation Program
Nellore,Agriculture,2015,45040.0,508.0,-0.9813063736197698,479,Medium,600.0149636220116,Job Creation Program
Nellore,Manufacturing,2019,35364.0,625.0,15.483343807471527,212,Low,952.770898796697,Increase Investment
Visakhapatnam,Technology,2018,24621.0,209.0,-3.3300730684457003,147,High,771.0401472869485,Job Creation Program
Guntur,Technology,2019,44315.0,694.0,3.0310219447146753,290,High,795.0352922963199,Job Creation Program
Nellore,Energy,2016,,241.0,5.743634526891668,491,Medium,419.8421592098089,Job Creation Program
Visakhapatnam,Healthcare,2019,17442.0,350.0,16.29592022047333,126,High,938.0357207716567,Increase Investment
Visakhapatnam,Energy,2015,31222.0,485.0,-4.039358859023535,369,Low,943.4091095337359,Job Creation Program
Vijayawada,Technology,2017,30057.0,352.0,-3.6592902407137706,59,Low,383.1192983526875,Job Creation Program
Visakhapatnam,Healthcare,2018,46134.0,324.0,10.152739996324327,171,Low,335.8948775880908,Increase Investment
Vijayawada,Agriculture,2022,33145.0,,24.57595715306877,65,Medium,186.36826879791718,Job Creation Program
Vijayawada,Energy,2015,11068.0,948.0,6.243135264802653,53,High,802.1849223103292,Job Creation Program
Kakinada,Agriculture,2019,33939.0,612.0,-8.612901448302235,333,Low,112.28904313639032,Job Creation Program
Guntur,Healthcare,2015,40968.0,410.0,-3.345781956870479,347,High,156.28229397683103,Job Creation Program
Kakinada,Healthcare,2020,27883.0,535.0,2.4993477038633127,306,High,472.3715102156687,Job Creation Program
Visakhapatnam,Technology,2021,8282.0,989.0,8.390369546858297,19,High,945.9807548184285,Job Creation Program
Kakinada,Energy,2015,18043.0,226.0,-2.3321535001557825,32,Medium,190.72933308964792,Job Creation Program
Guntur,Agriculture,2020,26727.0,81.0,14.23138659299202,267,Low,330.52742314032355,Increase Investment
Visakhapatnam,Agriculture,2018,28222.0,419.0,12.794332045967487,139,High,163.60825127260375,Increase Investment
Kakinada,Healthcare,2022,4992.0,380.0,18.645779277896743,138,High,878.8539612560077,Increase Investment
Nellore,Agriculture,2015,24827.0,499.0,-1.1523543435785317,71,Medium,573.2497518255432,Job Creation Program
Visakhapatnam,Agriculture,2023,21946.0,469.0,8.50373484243977,259,Medium,1029.8825164110426,Job Creation Program
Visakhapatnam,Energy,2019,22311.0,893.0,3.92221655701003,487,High,430.02539385409955,Job Creation Program
Nellore,Energy,2022,5722.0,908.0,12.223894754279247,280,Low,826.9929643688556,Increase Investment
Guntur,Agriculture,2018,46266.0,362.0,-6.5525294567416505,499,High,714.2798433665952,Job Creation Program
Guntur,Agriculture,2020,19584.0,668.0,2.817201808220286,358,Medium,295.81890807891153,Job Creation Program
Nellore,Technology,2017,44020.0,608.0,17.38490669108608,224,High,848.7002326818034,Increase Investment
Kakinada,Manufacturing,2015,7734.0,106.0,-2.6636521832780518,144,High,780.1765286857253,Job Creation Program
Nellore,Healthcare,2019,47477.0,391.0,10.761457431060608,181,High,307.077298555447,Increase Investment
Visakhapatnam,Technology,2021,26382.0,90.0,2.779174119285895,174,Low,987.5012567073574,Job Creation Program
Nellore,Technology,2014,10711.0,944.0,9.886975166641827,391,Low,197.33304557309884,Job Creation Program
Nellore,Energy,2019,36342.0,803.0,0.5352477448297464,62,Low,606.2980393909828,Job Creation Program
Kakinada,Agriculture,2017,13225.0,267.0,1.0928817280059882,24,Medium,521.917994213776,Job Creation Program
Nellore,Manufacturing,2016,46036.0,807.0,4.800738370089782,497,High,668.7419586466245,Job Creation Program
Kakinada,Energy,2022,47221.0,863.0,0.2850046140225011,280,High,601.4595898190142,Job Creation Program
Kakinada,Manufacturing,2017,12294.0,567.0,2.966878843321642,166,High,502.8222030416337,Job Creation Program
Visakhapatnam,Healthcare,2023,40051.0,349.0,16.91513195926496,437,Low,1022.0338105378347,Increase Investment
Kakinada,Agriculture,2018,26010.0,70.0,12.222106852095816,254,Medium,180.55547479646708,Increase Investment
Vijayawada,Agriculture,2019,7402.0,475.0,6.971955809764914,15,High,280.11679009638334,Job Creation Program
Vijayawada,Healthcare,2023,9816.0,79.0,14.287121870423142,430,High,590.2868262776343,Increase Investment
Visakhapatnam,Energy,2020,20727.0,837.0,13.488110856680613,56,Medium,998.8954878704167,Increase Investment
Nellore,Healthcare,2015,6104.0,725.0,1.3048790356979554,280,Medium,792.4603730088102,Job Creation Program
Nellore,Agriculture,2014,49239.0,512.0,-7.85065661801971,280,Low,402.80463811573907,Job Creation Program
Kakinada,Energy,2023,38130.0,679.0,1.8425157372148968,210,High,445.51068185568914,Job Creation Program
Vijayawada,Agriculture,2019,42326.0,993.0,6.681120715830989,95,High,878.3435287082017,Job Creation Program
Nellore,Manufacturing,2017,43723.0,806.0,3.177287650040965,187,High,910.6089384593301,Job Creation Program
Vijayawada,Energy,2019,29702.0,,14.416001859315575,482,Low,1103.4174541122052,Increase Investment
Vijayawada,Energy,2015,34471.0,712.0,2.347252079982919,122,Low,291.7124348094784,Job Creation Program
Nellore,Technology,2014,22881.0,651.0,7.339319831724527,165,High,912.7789721045267,Job Creation Program
Vijayawada,Agriculture,2020,5544.0,792.0,10.866713044742628,310,High,492.0643673143616,Increase Investment
Guntur,Agriculture,2015,23152.0,589.0,-1.4161653395987006,485,High,807.6587861497636,Job Creation Program
Visakhapatnam,Agriculture,2019,13270.0,282.0,12.425962906267113,257,High,973.0412153956732,Increase Investment
Nellore,Agriculture,2022,43864.0,324.0,5.307834621173056,448,Medium,963.1973841726007,Job Creation Program
Nellore,Technology,2018,7598.0,417.0,1.1459584420129412,420,Low,868.778646703194,Job Creation Program
Vijayawada,Agriculture,2015,8443.0,145.0,-9.794093960200996,369,Medium,654.7985637577085,Job Creation Program
Guntur,Energy,2019,31932.0,115.0,8.845772896695587,308,Medium,772.1726388312,Job Creation Program
Visakhapatnam,Manufacturing,2020,41449.0,181.0,-2.0899920542406036,365,Medium,967.2171143818246,Job Creation Program
Visakhapatnam,Healthcare,2023,2965.0,,15.061293637037341,17,High,997.8213614013339,Increase Investment
Guntur,Manufacturing,2015,19318.0,102.0,10.998267186263119,113,Medium,479.21823252998837,Increase Investment
Vijayawada,Technology,2022,6362.0,108.0,-2.134001410357329,87,Medium,398.6952784768141,Job Creation Program
Nellore,Manufacturing,2017,44675.0,739.0,6.57795084876126,427,High,165.6110567723457,Job Creation Program
Kakinada,Healthcare,2021,10290.0,261.0,7.3372178434587205,292,High,898.1501385714273,Job Creation Program
Vijayawada,Manufacturing,2014,31399.0,,9.940724829889,465,High,241.6206389112896,Job Creation Program
Vijayawada,Technology,2023,11222.0,,4.295074781863393,344,High,149.19801238049203,Job Creation Program
Vijayawada,Technology,2023,15633.0,854.0,5.826862628614128,149,Low,802.7614068483647,Job Creation Program
Vijayawada,Agriculture,2015,7416.0,443.0,5.126787129519171,92,Medium,686.7116669837699,Job Creation Program
Guntur,Energy,2015,35763.0,507.0,11.31317194376047,262,Medium,306.3577817548656,Increase Investment
Kakinada,Energy,2020,8276.0,601.0,-1.318154787541832,129,Medium,260.0778897268736,Job Creation Program
Visakhapatnam,Manufacturing,2018,24507.0,59.0,-2.0092390120982415,333,Medium,633.814548982862,Job Creation Program
Visakhapatnam,Agriculture,2020,29514.0,427.0,-2.728401621757536,268,High,172.3497250750953,Job Creation Program
Nellore,Manufacturing,2015,25252.0,501.0,12.105717772200638,422,Low,861.6496460387252,Increase Investment
Visakhapatnam,Manufacturing,2015,41768.0,295.0,17.1726681098044,328,Medium,581.659370923923,Increase Investment
Nellore,Technology,2016,35370.0,258.0,7.105326643994765,161,High,482.3317427415065,Job Creation Program
Nellore,Technology,2015,44039.0,136.0,-4.37572748914672,110,Medium,673.0490106147605,Job Creation Program
Kakinada,Healthcare,2014,10304.0,593.0,3.4092177970927438,259,High,136.21666153675997,Job Creation Program
Guntur,Technology,2019,7259.0,269.0,19.964006212126716,344,Low,962.7031767106208,Increase Investment
Nellore,Healthcare,2019,26040.0,832.0,5.445289572537506,24,Medium,261.30480924351207,Job Creation Program
Guntur,Technology,2017,,222.0,18.58085708367422,318,Low,291.24950272575677,Increase Investment
Kakinada,Energy,2022,,210.0,-2.209063866970366,287,Low,991.3609658793622,Job Creation Program
Vijayawada,Manufacturing,2019,30945.0,812.0,3.3805795053392913,180,High,128.45030558335503,Job Creation Program
Kakinada,Energy,2016,17246.0,470.0,16.364129223531013,237,High,988.9114073505957,Increase Investment
Vijayawada,Agriculture,2015,21151.0,553.0,3.88772445988708,314,Low,804.4991162631756,Job Creation Program
Vijayawada,Healthcare,2016,27219.0,803.0,8.669678120707093,33,High,194.61751530927796,Job Creation Program
Kakinada,Technology,2014,,257.0,-3.924945863885702,205,Medium,370.9128891298137,Job Creation Program
Visakhapatnam,Energy,2017,42598.0,678.0,7.258761026391522,361,High,297.2143997589345,Job Creation Program
Kakinada,Agriculture,2019,28484.0,91.0,-9.901766964444555,448,High,136.98939206235545,Job Creation Program
Guntur,Healthcare,2021,49770.0,975.0,-1.2103022024420134,450,Low,533.1995535261904,Job Creation Program
Nellore,Agriculture,2023,41430.0,432.0,0.35501385761608617,72,Low,392.5336598649015,Job Creation Program
Visakhapatnam,Energy,2019,39003.0,753.0,14.924691368974639,411,Medium,452.38292600837906,Increase Investment
Visakhapatnam,Agriculture,2021,36194.0,211.0,7.582632671584452,493,High,187.9993549370432,Job Creation Program
Guntur,Healthcare,2018,15751.0,475.0,0.16282912324459975,226,High,185.77343833541184,Job Creation Program
Visakhapatnam,Manufacturing,2015,32139.0,713.0,-3.7519378584155225,432,Medium,722.2486830694974,Job Creation Program
Vijayawada,Agriculture,2015,20141.0,50.0,-9.437691759111487,469,Low,900.2811541204443,Job Creation Program
Guntur,Technology,2021,46678.0,152.0,3.810775638818516,429,Low,868.7923789710042,Job Creation Program
Nellore,Healthcare,2015,11832.0,,6.398110607985426,242,High,947.1540484151541,Job Creation Program
Nellore,Healthcare,2022,36609.0,663.0,9.35675950642718,61,Low,980.0353155276122,Job Creation Program
Visakhapatnam,Manufacturing,2014,15319.0,739.0,5.401272628419234,255,High,325.9154047240181,Job Creation Program
Vijayawada,Technology,2015,33094.0,58.0,13.714608675088321,30,Low,899.9544730315512,Increase Investment
Visakhapatnam,Energy,2023,18167.0,854.0,14.303812620186616,291,Low,1092.1545597763936,Increase Investment
Kakinada,Agriculture,2018,46168.0,504.0,-7.334518179864412,264,High,461.03402837348335,Job Creation Program
Visakhapatnam,Technology,2021,17673.0,917.0,-4.60266517149991,165,Medium,218.7935603773458,Job Creation Program
Vijayawada,Technology,2020,49732.0,854.0,2.7851411261219496,291,Medium,311.7851052170814,Job Creation Program
Nellore,Energy,2018,47874.0,336.0,9.046266326132464,138,Medium,652.395454855805,Job Creation Program
Vijayawada,Energy,2018,49402.0,309.0,1.8613012551202974,125,Low,641.7514208783217,Job Creation Program
Visakhapatnam,Manufacturing,2016,8077.0,900.0,19.860775063569086,177,Low,810.7469755721218,Increase Investment
Kakinada,Healthcare,2014,38676.0,849.0,13.418755522830686,458,Low,667.9252343888326,Increase Investment
Vijayawada,Manufacturing,2019,48382.0,807.0,15.414390333981988,180,High,551.3941299952346,Increase Investment
Guntur,Energy,2014,10039.0,704.0,19.11273889979137,43,High,472.55368185453125,Increase Investment
Kakinada,Energy,2023,6000.0,802.0,12.87139935501023,101,Low,431.22862282718205,Increase Investment
Nellore,Manufacturing,2022,28280.0,405.0,19.79992522537128,80,High,374.1896971627537,Increase Investment
Vijayawada,Energy,2015,,,-0.5716136301749373,359,High,783.8910695574606,Job Creation Program
Guntur,Energy,2016,13279.0,533.0,12.55746549094727,79,High,444.93129106674894,Increase Investment
Vijayawada,Energy,2021,11663.0,810.0,0.5398357609861835,441,Low,215.3726696639881,Job Creation Program
Nellore,Energy,2020,1164.0,864.0,3.492863595902108,464,Medium,663.1783414685942,Job Creation Program
Vijayawada,Technology,2023,13125.0,715.0,16.768157666304887,206,Low,264.8923273140799,Increase Investment
Visakhapatnam,Agriculture,2014,6203.0,64.0,10.351707184667017,487,Low,424.6250925981869,Increase Investment
Kakinada,Technology,2023,33780.0,585.0,8.299293362412456,485,High,217.55086617011287,Job Creation Program
Nellore,Manufacturing,2015,39943.0,873.0,-6.98055401296333,269,High,368.76494086670755,Job Creation Program
Visakhapatnam,Energy,2016,21455.0,989.0,15.64021681268985,245,High,1150.6817442775027,Increase Investment
Vijayawada,Manufacturing,2017,45291.0,766.0,6.782610043912706,55,High,671.9547929363713,Job Creation Program
Vijayawada,Technology,2019,14786.0,902.0,3.750972534648824,492,Low,955.8337722625324,Job Creation Program
Kakinada,Agriculture,2017,2499.0,312.0,-6.959546079508765,33,High,855.2862162319326,Job Creation Program
Guntur,Agriculture,2016,40499.0,357.0,1.9469326413264412,494,Medium,919.9505495295354,Job Creation Program
Vijayawada,Healthcare,2023,18594.0,278.0,19.94460969550162,277,High,956.4460149534945,Increase Investment
Nellore,Technology,2017,7654.0,610.0,3.0882478544534724,184,High,391.8383119121662,Job Creation Program
Nellore,Agriculture,2020,6475.0,139.0,0.4017558888320014,168,Medium,465.55844068547646,Job Creation Program
Kakinada,Healthcare,2018,42062.0,,3.3519304354461816,214,Medium,728.7429147853294,Job Creation Program
Nellore,Technology,2016,19946.0,117.0,3.2310869690894233,147,Low,454.78037175383463,Job Creation Program
Visakhapatnam,Healthcare,2020,3234.0,241.0,14.826800833086438,437,High,242.7325900077383,Increase Investment
Vijayawada,Technology,2014,41382.0,586.0,10.56484491406725,404,Low,1036.909991196434,Increase Investment
Visakhapatnam,Healthcare,2018,39774.0,,-2.417663311183922,292,Medium,437.07462739346744,Job Creation Program
Kakinada,Healthcare,2022,33486.0,694.0,12.120092391146404,24,Medium,708.113441194556,Increase Investment
Vijayawada,Manufacturing,2020,12419.0,679.0,17.30846175552021,460,Low,921.5244553199823,Increase Investment
Vijayawada,Healthcare,2023,49708.0,656.0,19.48120696754963,180,Low,632.7967177071256,Increase Investment
Guntur,Manufacturing,2014,21223.0,456.0,15.917768014586542,139,Medium,465.58502214651463,Increase Investment
Guntur,Healthcare,2019,,912.0,6.197283621111579,204,Medium,314.5192266245376,Job Creation Program
Guntur,Agriculture,2018,11306.0,591.0,3.9304761232510987,203,High,412.229113888414,Job Creation Program
Guntur,Healthcare,2016,37176.0,545.0,11.96954235592117,83,Low,995.2340058397704,Increase Investment
Kakinada,Manufacturing,2023,32533.0,872.0,5.08973676912869,453,Low,937.3825046268022,Job Creation Program
Vijayawada,Agriculture,2016,4656.0,164.0,13.264050675889315,411,High,900.7530431084584,Increase Investment
Vijayawada,Energy,2019,37734.0,903.0,-1.2726080332141523,444,Low,314.5083494600762,Job Creation Program
Visakhapatnam,Energy,2021,49336.0,952.0,8.844414064981207,391,Medium,719.1988218986211,Job Creation Program
Nellore,Technology,2018,28188.0,863.0,13.63631033767551,495,Medium,1035.6813582141397,Increase Investment
Nellore,Manufacturing,2016,28018.0,763.0,17.498785097660658,483,High,1096.515730295151,Increase Investment
Vijayawada,Agriculture,2021,,,-2.7679393889509267,71,Low,426.3540588124719,Job Creation Program
Visakhapatnam,Technology,2017,24340.0,379.0,6.825878127092507,228,Medium,938.8700781016806,Job Creation Program
Guntur,Technology,2014,11338.0,879.0,9.481695739379981,92,Low,846.3441055491501,Job Creation Program
Vijayawada,Manufacturing,2023,27234.0,87.0,3.691793536722784,327,Medium,403.21186037694883,Job Creation Program
Kakinada,Technology,2023,,454.0,6.844584057695556,78,Low,892.0744116219378,Job Creation Program
Visakhapatnam,Energy,2019,16494.0,824.0,-3.177074701824865,255,High,592.8209044569631,Job Creation Program
Vijayawada,Technology,2015,17373.0,419.0,10.704565112758878,140,Medium,957.8521278224597,Increase Investment
Kakinada,Manufacturing,2018,8973.0,483.0,4.1262819385451355,65,High,628.929941763173,Job Creation Program
Vijayawada,Manufacturing,2016,22383.0,432.0,1.9480502692339767,223,High,544.4155771630908,Job Creation Program
Visakhapatnam,Healthcare,2020,33406.0,182.0,9.831777324699807,143,Low,650.8938347309537,Job Creation Program
Nellore,Energy,2018,16577.0,,2.887230162055597,490,Low,726.9823520899625,Job Creation Program
Nellore,Manufacturing,2020,43369.0,624.0,3.7956724271702864,125,Low,665.6849959455426,Job Creation Program
Visakhapatnam,Technology,2021,28185.0,171.0,12.061976655921548,10,Medium,560.6259800816258,Increase Investment
Guntur,Manufacturing,2014,31078.0,417.0,3.3869152640217433,305,Low,458.1234366509707,Job Creation Program
Nellore,Manufacturing,2017,48452.0,188.0,19.215345383648238,343,Medium,429.1248493212587,Increase Investment
Kakinada,Manufacturing,2020,19280.0,565.0,16.997635832694808,321,Medium,324.03664245472567,Increase Investment
Guntur,Manufacturing,2022,38696.0,664.0,4.368772904402341,167,Low,406.0086520852316,Job Creation Program
Kakinada,Manufacturing,2022,6620.0,512.0,14.084766961033992,384,Low,631.1140068404941,Increase Investment
Vijayawada,Technology,2014,18800.0,966.0,19.018502739656252,456,High,672.7187364650794,Increase Investment
Guntur,Technology,2021,20874.0,597.0,11.142758618640933,485,High,913.5222689532864,Increase Investment
Guntur,Manufacturing,2019,27090.0,251.0,5.258439858394272,126,Medium,602.1986840445696,Job Creation Program
Guntur,Agriculture,2015,16691.0,905.0,-19.427517247033364,356,Medium,582.045242228587,Job Creation Program
Visakhapatnam,Healthcare,2017,6892.0,358.0,-4.571207982584648,287,Medium,601.635075422347,Job Creation Program
Guntur,Energy,2018,,54.0,17.674357326711966,91,Low,884.5441529564245,Increase Investment
Kakinada,Agriculture,2021,,643.0,6.365800647927379,230,High,236.93209816617303,Job Creation Program
Guntur,Healthcare,2020,,809.0,7.512372376915346,432,High,190.77509252924514,Job Creation Program
Visakhapatnam,Agriculture,2014,23641.0,553.0,6.257678932681401,452,Low,302.60496449772813,Job Creation Program
Visakhapatnam,Technology,2016,48969.0,760.0,7.417653242419064,11,High,443.37416464238487,Job Creation Program
Kakinada,Healthcare,2022,47995.0,176.0,-3.0544133840708514,261,High,319.62423244403533,Job Creation Program
Guntur,Energy,2021,26348.0,942.0,18.78659199364549,461,Low,1123.9696965801404,Increase Investment
Visakhapatnam,Energy,2019,19255.0,544.0,2.8236404337089613,499,Low,1006.3606039593767,Job Creation Program
Visakhapatnam,Healthcare,2014,7499.0,709.0,12.046823587419173,74,Medium,747.411979234802,Increase Investment
Nellore,Healthcare,2020,48342.0,921.0,-1.09346650471611,392,Medium,890.9291734915646,Job Creation Program
Vijayawada,Healthcare,2015,41699.0,964.0,-3.9109829856894995,78,High,168.29812401795323,Job Creation Program
Kakinada,Technology,2017,42968.0,868.0,-4.96713416423434,43,Low,104.88527545444592,Job Creation Program
Visakhapatnam,Energy,2018,2983.0,364.0,9.26400129352245,19,Low,613.7209647084217,Job Creation Program
Vijayawada,Energy,2020,,806.0,9.05706256918807,440,High,915.9999243076559,Job Creation Program
Kakinada,Energy,2023,,464.0,-1.971535653777463,483,Low,456.8520745664726,Job Creation Program
Kakinada,Healthcare,2015,24729.0,657.0,8.993962323232267,173,Medium,767.090332463636,Job Creation Program
Guntur,Agriculture,2018,35421.0,504.0,-3.879775964696666,383,Low,802.4459291379288,Job Creation Program
Visakhapatnam,Agriculture,2015,45277.0,693.0,0.023468399908985305,132,High,793.1626360113693,Job Creation Program
Vijayawada,Technology,2019,46331.0,961.0,-4.366558676300828,423,High,635.0373711207491,Job Creation Program
Kakinada,Technology,2016,1737.0,807.0,10.526852211760843,285,Medium,592.95169734891,Increase Investment
Kakinada,Energy,2020,45289.0,999.0,18.425242487803594,359,High,961.0681724531579,Increase Investment
Visakhapatnam,Agriculture,2018,31346.0,127.0,9.573944149182001,345,Medium,196.15890906946115,Job Creation Program
Guntur,Energy,2016,24139.0,963.0,15.712492803606729,128,Medium,937.3113056987328,Increase Investment
Guntur,Energy,2023,45771.0,134.0,-0.16553475302362042,369,High,783.7781834309484,Job Creation Program
Kakinada,Technology,2018,18676.0,910.0,2.65952592340724,150,High,143.20168590300588,Job Creation Program
Vijayawada,Technology,2017,4048.0,430.0,17.033122236623793,359,High,974.2424256174824,Increase Investment
Kakinada,Healthcare,2016,34053.0,,2.1289757377516834,378,High,536.903448761005,Job Creation Program
Guntur,Energy,2021,44048.0,380.0,-4.127353523172268,164,High,749.3160566119453,Job Creation Program
Guntur,Agriculture,2017,34887.0,246.0,-4.7868114925203065,129,High,495.22444372840005,Job Creation Program
Vijayawada,Technology,2023,28729.0,106.0,1.8793506725645797,495,High,476.9921117129185,Job Creation Program
Kakinada,Healthcare,2019,3056.0,868.0,10.091113112649696,106,Medium,976.5908618177994,Increase Investment
Visakhapatnam,Healthcare,2021,19288.0,462.0,8.050585441608717,458,Low,544.1937047402323,Job Creation Program
Guntur,Healthcare,2017,17361.0,597.0,1.0080720186207666,82,Medium,618.0181899511659,Job Creation Program
Guntur,Energy,2023,42043.0,789.0,-2.6087850110998327,302,Medium,301.41668626242233,Job Creation Program
Vijayawada,Technology,2022,26345.0,245.0,14.099926232988576,326,Medium,758.544819270822,Increase Investment
Vijayawada,Healthcare,2021,19744.0,680.0,2.1274874845748517,170,High,259.46691489510897,Job Creation Program
Kakinada,Technology,2023,36186.0,500.0,10.082287765300434,401,Low,885.4114388265021,Increase Investment
Nellore,Technology,2014,23135.0,898.0,0.4605782165764891,171,High,397.1359923848569,Job Creation Program
Nellore,Energy,2016,35553.0,927.0,13.220554502318638,57,High,804.5545402364937,Increase Investment
Guntur,Agriculture,2019,,320.0,0.6800756820458638,124,Medium,833.1762421825467,Job Creation Program
Visakhapatnam,Energy,2017,15919.0,619.0,2.1033966051349626,284,Low,640.0200249857854,Job Creation Program
Guntur,Agriculture,2015,17433.0,564.0,9.931475641202688,68,Medium,731.0135226163832,Job Creation Program
Visakhapatnam,Agriculture,2023,36184.0,541.0,7.797052130732229,355,Low,694.1820520272613,Job Creation Program
Nellore,Agriculture,2016,27201.0,739.0,-4.467898352126062,211,Medium,409.98223117778844,Job Creation Program
Visakhapatnam,Agriculture,2015,12201.0,576.0,4.716091742901542,428,Low,361.16468843911287,Job Creation Program
Vijayawada,Manufacturing,2014,49784.0,927.0,1.2134000503209084,209,Medium,1007.2482184664748,Job Creation Program
Nellore,Energy,2016,37067.0,194.0,11.77455853173796,151,Medium,406.84264355157165,Increase Investment
Nellore,Energy,2016,42540.0,870.0,5.833890505447034,445,High,673.7548473973892,Job Creation Program
Visakhapatnam,Agriculture,2020,10218.0,334.0,10.514035294977447,319,High,611.1168778852247,Increase Investment
Nellore,Technology,2020,24797.0,352.0,10.694966192575944,160,Low,157.64628099786734,Increase Investment
Vijayawada,Healthcare,2016,,311.0,19.42328541993288,15,Low,277.4064176559913,Increase Investment
Nellore,Agriculture,2014,49154.0,760.0,-0.6292357603117491,323,Low,191.21780822163072,Job Creation Program
Guntur,Energy,2021,37965.0,172.0,7.032759463957332,111,Low,727.0963462780066,Job Creation Program
Guntur,Healthcare,2018,17246.0,310.0,19.560594179002813,61,Low,165.6378419549087,Increase Investment
Kakinada,Healthcare,2014,3600.0,448.0,-0.10753651742400994,195,Medium,404.51823640194044,Job Creation Program
Nellore,Healthcare,2016,25642.0,205.0,17.97130128147274,283,High,826.8411676270191,Increase Investment
Visakhapatnam,Healthcare,2016,39798.0,228.0,6.243182708094549,122,Low,1010.2344565744555,Job Creation Program
Guntur,Healthcare,2014,46168.0,308.0,3.661282683576509,399,High,468.27675066541565,Job Creation Program
Vijayawada,Energy,2020,20575.0,622.0,8.00224844014586,124,High,700.7739852977072,Job Creation Program
Guntur,Agriculture,2018,,76.0,12.04968976915324,106,Low,454.15776422455644,Increase Investment
Kakinada,Manufacturing,2017,22134.0,83.0,0.1314382434067527,13,Medium,465.1090937420276,Job Creation Program
Vijayawada,Manufacturing,2023,41222.0,499.0,18.841411274081782,28,Low,300.0186422576681,Increase Investment
Kakinada,Technology,2015,20008.0,429.0,4.880641268061661,445,Medium,140.9379510399845,Job Creation Program
Visakhapatnam,Healthcare,2021,23310.0,438.0,17.48567055434617,243,Low,777.5872370280363,Increase Investment
Vijayawada,Technology,2022,46885.0,395.0,7.495556443714726,69,High,787.6074479526732,Job Creation Program
Nellore,Energy,2019,39973.0,72.0,10.33103014498346,55,High,834.4383417043881,Increase Investment
Kakinada,Technology,2022,12258.0,881.0,2.1476572598744657,65,High,555.9208604594941,Job Creation Program
Kakinada,Manufacturing,2022,20352.0,151.0,0.16472780431480594,245,Low,150.24873898451537,Job Creation Program
Nellore,Healthcare,2017,8019.0,290.0,5.519005194411518,99,High,555.0051150637934,Job Creation Program
Nellore,Technology,2018,5499.0,863.0,-1.5908586537189668,352,Medium,276.2708898184053,Job Creation Program
Visakhapatnam,Energy,2014,23925.0,545.0,3.079744620794834,182,Medium,617.7846081833319,Job Creation Program
Guntur,Healthcare,2015,36030.0,359.0,6.091954991386485,391,Low,391.87011841907747,Job Creation Program
Kakinada,Agriculture,2017,6833.0,63.0,2.9601886183643966,23,High,133.86491882956958,Job Creation Program
Kakinada,Energy,2017,4487.0,186.0,19.357940930110352,251,High,251.00577013000526,Increase Investment
Guntur,Agriculture,2019,20928.0,795.0,14.867478978121245,466,High,249.1964578760639,Increase Investment
Visakhapatnam,Manufacturing,2018,,324.0,19.00515517966183,95,High,564.5767027821043,Increase Investment
Kakinada,Technology,2020,13938.0,647.0,5.814356625083764,91,Medium,991.6188873642919,Job Creation Program
Visakhapatnam,Manufacturing,2019,16198.0,504.0,11.848611226825586,121,Low,978.717000583201,Increase Investment
Visakhapatnam,Energy,2017,13875.0,496.0,-0.6290177671106694,98,Medium,265.8800718751311,Job Creation Program
Guntur,Agriculture,2021,13693.0,75.0,-0.7201940963501521,373,High,158.45985442773738,Job Creation Program
Nellore,Healthcare,2023,15999.0,945.0,19.36679738790641,414,Medium,553.0162353157156,Increase Investment
Visakhapatnam,Manufacturing,2018,,905.0,18.610949058874837,443,Low,1066.4290889828173,Increase Investment
Kakinada,Healthcare,2021,44257.0,196.0,16.40750484242863,263,High,465.1587094911601,Increase Investment
Visakhapatnam,Healthcare,2019,39733.0,383.0,19.39058426205803,100,High,346.26593772368227,Increase Investment
Nellore,Agriculture,2021,11819.0,419.0,-2.4643772050360386,447,Low,295.674259510899,Job Creation Program
Guntur,Agriculture,2019,19630.0,862.0,-5.6590171843647,330,Medium,399.2192718707763,Job Creation Program
Nellore,Healthcare,2023,28848.0,191.0,8.561145151930171,177,High,726.3517872401866,Job Creation Program
Visakhapatnam,Healthcare,2022,19065.0,768.0,9.12122927498936,288,High,190.05104083191827,Job Creation Program
Nellore,Manufacturing,2015,38443.0,503.0,3.834236488543775,412,High,739.2862095373752,Job Creation Program
Vijayawada,Technology,2017,1888.0,648.0,11.819332868227686,97,High,658.5892769861155,Increase Investment
Vijayawada,Agriculture,2023,38097.0,439.0,-6.887527543301305,61,High,392.76375408490725,Job Creation Program
Vijayawada,Manufacturing,2016,24999.0,414.0,8.425227142063884,195,High,737.8804403681445,Job Creation Program
Nellore,Manufacturing,2016,34149.0,,13.355458488221721,142,High,401.51224448573674,Increase Investment
Visakhapatnam,Manufacturing,2019,49281.0,286.0,30.417682033804297,230,Medium,718.7486426541701,Job Creation Program
Kakinada,Energy,2022,49965.0,114.0,16.249394177739887,253,High,343.52430936262346,Increase Investment
Kakinada,Manufacturing,2014,45870.0,267.0,0.79251645439646,284,Medium,771.1160189332386,Job Creation Program
Visakhapatnam,Manufacturing,2022,33047.0,317.0,-3.0322770714358693,251,Medium,781.3876816835483,Job Creation Program
Vijayawada,Technology,2018,12145.0,762.0,5.969055516290743,284,Low,724.4842030341355,Job Creation Program
Nellore,Technology,2017,30481.0,591.0,-4.38340779254973,179,Medium,241.0940599460311,Job Creation Program
Visakhapatnam,Energy,2014,20410.0,351.0,-1.2929365526021015,26,Medium,454.46179270036663,Job Creation Program
Guntur,Healthcare,2014,28015.0,377.0,19.777133453383986,244,High,255.55979311925762,Increase Investment
Vijayawada,Healthcare,2019,45296.0,313.0,5.359240197663938,316,Medium,300.7744218186881,Job Creation Program
Kakinada,Healthcare,2023,33471.0,593.0,-0.6887040030883647,97,High,481.915985261686,Job Creation Program
Guntur,Energy,2019,,395.0,6.182288496815701,157,Medium,488.420039562422,Job Creation Program
Visakhapatnam,Technology,2016,22554.0,793.0,15.595263047008775,384,Medium,428.6704359627796,Increase Investment
Vijayawada,Energy,2020,19953.0,874.0,11.21061045926956,303,Medium,309.98073541401595,Increase Investment
Vijayawada,Energy,2017,12434.0,367.0,7.818080026838805,262,Low,751.6923536984984,Job Creation Program
Vijayawada,Manufacturing,2016,11486.0,490.0,17.18972476797146,377,Low,737.2296513630602,Increase Investment
Vijayawada,Agriculture,2017,14562.0,90.0,6.2894731995063005,369,Medium,560.6605258795556,Job Creation Program
Visakhapatnam,Energy,2014,26052.0,171.0,18.472303684125485,121,Low,939.5876392998546,Increase Investment
Visakhapatnam,Manufacturing,2019,48111.0,221.0,9.136087489133567,204,Low,138.19075335098518,Job Creation Program
Nellore,Agriculture,2015,1570.0,870.0,6.106035020649546,168,High,273.12250467965106,Job Creation Program
Guntur,Technology,2015,9036.0,478.0,3.904174132861076,11,Low,141.66195235507595,Job Creation Program
Nellore,Technology,2020,38377.0,944.0,8.89677740991263,186,Medium,709.9855787495752,Job Creation Program
Visakhapatnam,Technology,2018,44025.0,113.0,13.330120123824415,367,High,131.0630357399216,Increase Investment
Vijayawada,Technology,2018,21830.0,648.0,5.112981168765636,457,Low,272.13211797360134,Job Creation Program
Visakhapatnam,Technology,2015,6131.0,384.0,1.9915351753746524,37,High,939.6474950734387,Job Creation Program
Kakinada,Agriculture,2020,1891.0,518.0,5.931995253077188,173,Low,226.72773541093983,Job Creation Program
Guntur,Agriculture,2018,17708.0,730.0,8.86706302170353,184,Low,879.7295600584357,Job Creation Program
Nellore,Technology,2015,13523.0,947.0,0.12449858010863846,311,Low,750.1790015536288,Job Creation Program
Nellore,Manufacturing,2018,37775.0,931.0,2.381176362822978,199,Low,806.1687519378819,Job Creation Program
Nellore,Technology,2019,42908.0,93.0,14.612753391938828,37,High,603.5898606545031,Increase Investment
Guntur,Healthcare,2020,33608.0,473.0,9.870577487264422,44,Low,1039.6878315147608,Job Creation Program
Vijayawada,Technology,2014,13939.0,705.0,-3.7001642147174922,171,Medium,915.9138422862417,Job Creation Program
Visakhapatnam,Energy,2021,47196.0,714.0,16.907610573978946,91,Medium,1053.7203394982096,Increase Investment
Guntur,Manufacturing,2015,30355.0,527.0,8.279969856037788,311,High,900.6354411413191,Job Creation Program
Visakhapatnam,Energy,2015,34539.0,650.0,5.108251483688555,143,Medium,665.2036346439756,Job Creation Program
Guntur,Healthcare,2022,7303.0,755.0,8.857380287718918,75,Medium,419.87322117227785,Job Creation Program
Kakinada,Agriculture,2015,4372.0,773.0,8.263565787414475,231,Low,897.8773635367139,Job Creation Program
Guntur,Technology,2017,13901.0,225.0,16.43537116627002,466,High,235.97958512410753,Increase Investment
Kakinada,Energy,2016,45568.0,789.0,-1.721094400868532,51,Low,892.4205651771473,Job Creation Program
Vijayawada,Technology,2018,22624.0,183.0,16.845494407001308,459,High,386.8272547648124,Increase Investment
Visakhapatnam,Agriculture,2020,26645.0,500.0,-1.2980980524741081,238,Low,184.50950973762946,Job Creation Program
Nellore,Healthcare,2020,27578.0,717.0,-4.159758442124843,211,Low,922.1745319699648,Job Creation Program
Visakhapatnam,Technology,2020,48287.0,709.0,18.495454685846887,245,Medium,502.1327737226544,Increase Investment
Kakinada,Agriculture,2020,24371.0,300.0,-7.508479378762178,139,Medium,768.4745618637135,Job Creation Program
Vijayawada,Technology,2015,49448.0,837.0,18.604359087641548,178,High,729.7184855635597,Increase Investment
Visakhapatnam,Manufacturing,2020,49245.0,55.0,8.875227161871281,141,Low,866.8813749390292,Job Creation Program
Visakhapatnam,Manufacturing,2021,25146.0,752.0,13.58772880359641,246,High,478.179720603045,Increase Investment
Nellore,Agriculture,2021,24354.0,,-6.6610433534129125,485,Low,428.7226186335415,Job Creation Program
Visakhapatnam,Manufacturing,2017,44130.0,923.0,16.127682475135305,223,Medium,1086.858509245499,Increase Investment
Kakinada,Manufacturing,2021,28394.0,743.0,-1.4105634137851193,441,High,284.51951383557656,Job Creation Program
Nellore,Energy,2023,46724.0,542.0,6.891274611290918,313,High,883.3507083931968,Job Creation Program
Vijayawada,Manufacturing,2016,16437.0,521.0,6.2370491296357,105,Low,589.495025965402,Job Creation Program
Nellore,Healthcare,2021,22305.0,865.0,2.9774990809213904,488,High,643.75536704997,Job Creation Program
Vijayawada,Agriculture,2023,48019.0,531.0,-3.6394877201116413,338,Low,948.6743202062072,Job Creation Program
Visakhapatnam,Technology,2016,2195.0,135.0,8.962903829020625,195,Low,632.0999201691778,Job Creation Program
Guntur,Technology,2015,40180.0,694.0,2.1242066434311413,387,Low,737.7419941054121,Job Creation Program
Vijayawada,Technology,2014,6818.0,720.0,18.67168493739912,186,Low,1032.4361315492738,Increase Investment
Guntur,Agriculture,2014,41389.0,,8.936903981495878,139,High,625.6307563482507,Job Creation Program
Nellore,Manufacturing,2017,12584.0,108.0,0.2880129436056853,145,High,990.3110539790941,Job Creation Program
Nellore,Energy,2014,26443.0,149.0,7.766735060914181,489,High,275.5724352407621,Job Creation Program
Visakhapatnam,Energy,2021,1178.0,751.0,14.72684957204234,179,Low,583.598640286038,Increase Investment
Guntur,Technology,2015,41726.0,366.0,34.95227475227586,278,Low,841.9813313983324,Job Creation Program
Kakinada,Agriculture,2021,5049.0,147.0,-3.0774577564765586,239,Low,137.47613709797946,Job Creation Program
Guntur,Technology,2014,,174.0,14.36260265888317,318,Low,349.9909286264567,Increase Investment
Nellore,Healthcare,2018,48084.0,574.0,8.278669084275307,187,Medium,405.5195605437403,Job Creation Program
Kakinada,Agriculture,2014,6392.0,339.0,13.153643681764642,495,Medium,551.5908520811821,Increase Investment
Visakhapatnam,Manufacturing,2014,6530.0,946.0,13.915103877601368,250,Medium,453.63688268210893,Increase Investment
Kakinada,Healthcare,2015,41309.0,,19.441692942476507,299,High,1104.6751013856099,Increase Investment
Vijayawada,Energy,2022,30236.0,417.0,2.2914692625234254,51,High,174.55542682472267,Job Creation Program
Vijayawada,Healthcare,2019,18923.0,699.0,-0.4302866658775093,27,High,509.9922962055162,Job Creation Program
Vijayawada,Healthcare,2018,16034.0,415.0,-0.31702268221562147,421,High,453.6843558688052,Job Creation Program
Visakhapatnam,Manufacturing,2014,5905.0,456.0,19.074398559112144,482,High,785.9792574295514,Increase Investment
Vijayawada,Agriculture,2014,2094.0,945.0,10.77530151214173,433,Low,824.8265992897393,Increase Investment
Guntur,Technology,2020,30816.0,262.0,10.021060646647852,50,Low,926.2551788942174,Increase Investment
Guntur,Energy,2016,39108.0,59.0,17.120077024004896,256,Low,330.10084544416287,Increase Investment
Nellore,Manufacturing,2019,45789.0,87.0,8.188004382355226,118,Low,158.12356381264905,Job Creation Program
Guntur,Healthcare,2019,16090.0,605.0,7.68182111058101,424,High,153.4750177190151,Job Creation Program
Visakhapatnam,Technology,2019,27835.0,127.0,6.003260456845016,230,Low,453.62414078019316,Job Creation Program
Guntur,Technology,2016,45735.0,963.0,-1.9281105026461836,437,Low,779.4322958595172,Job Creation Program
Guntur,Technology,2023,8832.0,305.0,12.289259444201406,267,High,201.4822413048143,Increase Investment
Visakhapatnam,Agriculture,2017,12240.0,630.0,8.96021325228207,410,Medium,368.44934348937704,Job Creation Program
Visakhapatnam,Technology,2015,40420.0,699.0,5.394885984239229,446,High,429.7102530298322,Job Creation Program
Visakhapatnam,Technology,2020,26381.0,730.0,10.407294756361525,380,High,1006.9732517214392,Increase Investment
Guntur,Technology,2018,8562.0,,0.27194601518380423,206,Medium,690.5283366053329,Job Creation Program
Visakhapatnam,Agriculture,2017,,868.0,-7.831418184416186,42,Low,158.0232901592675,Job Creation Program
Visakhapatnam,Energy,2018,37440.0,91.0,7.662402405102535,468,Low,381.9727861886433,Job Creation Program
Vijayawada,Healthcare,2014,28022.0,868.0,12.139421545384927,206,Low,670.3701790139412,Increase Investment
Vijayawada,Manufacturing,2017,1921.0,283.0,9.992157855701485,490,Low,490.2778067316352,Job Creation Program
Vijayawada,Manufacturing,2018,47214.0,132.0,16.04015579146261,401,Medium,505.17300564473067,Increase Investment
Kakinada,Energy,2016,13670.0,756.0,5.608453494906891,398,Medium,743.3999084214961,Job Creation Program
Guntur,Agriculture,2023,,345.0,9.760381257980256,471,High,890.6733153400319,Job Creation Program
Nellore,Energy,2015,43094.0,690.0,12.349676745482984,306,Medium,833.2127695438326,Increase Investment
Vijayawada,Energy,2023,11372.0,238.0,9.801607693872917,175,Medium,695.3278263114175,Job Creation Program
Vijayawada,Agriculture,2014,36268.0,938.0,-8.062057255175356,327,Medium,80.37790294645517,Job Creation Program
Vijayawada,Energy,2023,14408.0,714.0,5.802572435290703,162,Medium,519.4303671879757,Job Creation Program
Kakinada,Manufacturing,2019,30550.0,185.0,1.6337792918847729,257,Low,711.0224916899869,Job Creation Program
Visakhapatnam,Manufacturing,2018,12063.0,611.0,16.023122364746285,387,Medium,256.90127764859983,Increase Investment
Guntur,Manufacturing,2015,20636.0,861.0,16.612238389886425,472,Low,714.0313725369222,Increase Investment
Kakinada,Agriculture,2016,37435.0,79.0,-5.320534775287744,33,High,817.7967775275226,Job Creation Program
Nellore,Manufacturing,2017,19429.0,914.0,-3.9672964519633798,97,Low,112.7389104290547,Job Creation Program
Visakhapatnam,Manufacturing,2021,33333.0,958.0,13.377895621009898,205,Medium,870.1602400492748,Increase Investment
Guntur,Agriculture,2023,29820.0,429.0,2.15112686208073,158,Medium,274.22833423832634,Job Creation Program
Vijayawada,Manufacturing,2019,26898.0,,4.280691193935764,46,High,613.862407139862,Job Creation Program
Visakhapatnam,Energy,2022,47828.0,949.0,13.90041456162955,287,Low,436.9149341898644,Increase Investment
Kakinada,Agriculture,2019,5803.0,439.0,3.4339437306719294,484,Low,701.0750129776497,Job Creation Program
Visakhapatnam,Agriculture,2023,41888.0,228.0,0.23740695863879502,82,High,999.5412878656964,Job Creation Program
Vijayawada,Agriculture,2015,44632.0,624.0,6.8440958657443645,286,Medium,896.7071582022448,Job Creation Program
Vijayawada,Energy,2022,34455.0,,3.811569609980996,128,High,701.7144072455219,Job Creation Program
Nellore,Manufacturing,2022,26654.0,357.0,10.05614823013307,49,Medium,511.900449181575,Increase Investment
Kakinada,Energy,2016,29947.0,610.0,-4.544867422420036,240,Low,161.27630872323778,Job Creation Program
Kakinada,Manufacturing,2016,28491.0,511.0,0.8404899619511088,182,Low,703.2949037055702,Job Creation Program
Vijayawada,Healthcare,2020,30251.0,,16.61694381464126,134,Low,1016.3902076094054,Increase Investment
Kakinada,Agriculture,2022,6037.0,160.0,-7.02249855976611,247,High,810.7640023043742,Job Creation Program
Guntur,Agriculture,2014,25248.0,132.0,2.9435164276115557,122,Low,332.88544168444724,Job Creation Program
Vijayawada,Manufacturing,2018,10554.0,987.0,18.477032622175503,275,High,321.3683119808722,Increase Investment
Kakinada,Manufacturing,2019,30602.0,249.0,-2.560520760593264,323,Low,623.6243033061228,Job Creation Program
Vijayawada,Manufacturing,2016,38340.0,425.0,18.882154900045556,376,Medium,431.2491583251936,Increase Investment
Guntur,Technology,2021,9611.0,610.0,13.242170144857631,352,High,186.77723788363156,Increase Investment
Kakinada,Energy,2022,23908.0,829.0,3.9536716600423283,170,High,529.7759380617509,Job Creation Program
Visakhapatnam,Healthcare,2022,18907.0,164.0,-4.307752831030616,50,Low,691.9352853571098,Job Creation Program
Nellore,Manufacturing,2014,26579.0,660.0,-3.9938281452948985,184,High,415.6407342410537,Job Creation Program
Visakhapatnam,Energy,2023,24618.0,482.0,14.350523074127025,318,High,283.16952121729224,Increase Investment
Guntur,Technology,2021,4574.0,786.0,11.961715412615582,146,Low,778.0190831431585,Increase Investment
Guntur,Healthcare,2017,21553.0,841.0,17.78856407727239,125,Medium,829.4004559724652,Job Creation Program
Nellore,Technology,2014,30530.0,,-1.6929072997598644,392,Low,730.7397970703136,Job Creation Program
Kakinada,Technology,2014,35510.0,639.0,-0.23874610981202782,64,High,564.4744123583012,Job Creation Program
Vijayawada,Healthcare,2015,37078.0,366.0,4.097009840672083,344,Medium,184.99505601685982,Job Creation Program
Visakhapatnam,Agriculture,2021,27379.0,253.0,11.910731871060875,67,High,576.134151633784,Increase Investment
Visakhapatnam,Agriculture,2023,43750.0,272.0,14.051884450930576,169,Medium,233.22112570653115,Increase Investment
Nellore,Technology,2023,47258.0,828.0,6.364587639380236,46,Low,1021.6987856540684,Job Creation Program
Visakhapatnam,Agriculture,2023,10136.0,975.0,-0.8496153102031023,223,High,634.7162507255198,Job Creation Program
Kakinada,Energy,2016,1051.0,161.0,1.0634868316449957,198,Low,165.71221379894845,Job Creation Program
Guntur,Technology,2018,17167.0,138.0,-3.0316657934129587,247,High,861.8163012050901,Job Creation Program
Guntur,Manufacturing,2018,,139.0,15.692993694775204,252,Medium,255.81326123573754,Increase Investment
Nellore,Energy,2023,,781.0,3.61900468173239,175,Low,871.2644265643299,Job Creation Program
Visakhapatnam,Technology,2016,30418.0,737.0,5.81877172777499,244,Medium,632.8843476337017,Job Creation Program
Nellore,Energy,2023,14785.0,281.0,19.8563329771634,284,Medium,186.79629566582915,Increase Investment
Kakinada,Technology,2018,,954.0,10.87384282430723,91,Low,1033.7364605438909,Increase Investment
Guntur,Energy,2015,25054.0,206.0,17.648880243734563,372,Medium,157.3566933020932,Increase Investment
Kakinada,Technology,2019,26346.0,211.0,-3.0617147097706865,11,High,513.5397819623838,Job Creation Program
Vijayawada,Healthcare,2015,8702.0,916.0,19.6636691326696,306,Low,1104.1192092552535,Increase Investment
Vijayawada,Agriculture,2019,1858.0,442.0,-2.0324336009654136,482,Medium,493.0166434837329,Job Creation Program
Vijayawada,Energy,2020,36614.0,,8.102788530673878,290,Low,183.6523795001749,Job Creation Program
Guntur,Manufacturing,2014,45042.0,602.0,-3.4275435598285204,189,Medium,274.3661877698323,Job Creation Program
Kakinada,Energy,2018,15965.0,214.0,2.7301934132331667,53,Medium,593.842613904319,Job Creation Program
Guntur,Agriculture,2019,19260.0,293.0,1.008979935654878,282,Medium,804.9563112114688,Job Creation Program
Nellore,Energy,2022,9989.0,474.0,17.988971570332126,312,Medium,319.2677252433743,Increase Investment
Nellore,Healthcare,2016,2069.0,,9.166686343754115,289,High,148.10009681127025,Job Creation Program
Vijayawada,Technology,2023,37907.0,935.0,8.789686473706148,480,Medium,909.1835685291525,Job Creation Program
Visakhapatnam,Technology,2023,9401.0,445.0,11.995101773978298,498,Low,926.3782028942035,Increase Investment
Kakinada,Manufacturing,2019,41332.0,,0.49186694986768487,342,Medium,242.7809467527139,Job Creation Program
Vijayawada,Manufacturing,2016,4205.0,163.0,16.19112866630107,148,Low,357.39153972607073,Increase Investment
Kakinada,Technology,2021,35234.0,966.0,5.38483574921996,417,Medium,1023.0175133374648,Job Creation Program
Guntur,Technology,2014,,317.0,12.445117462360212,317,Low,549.4510223556819,Increase Investment
Kakinada,Energy,2016,28678.0,382.0,17.218394734665633,326,Medium,581.7742678864228,Increase Investment
Visakhapatnam,Manufacturing,2018,1799.0,855.0,14.480078419127697,224,Low,819.8046704835418,Increase Investment
Guntur,Healthcare,2015,25717.0,194.0,8.305871191917449,451,High,405.11339011231985,Job Creation Program
Nellore,Technology,2018,28215.0,335.0,8.656977619757098,425,High,841.0008750261862,Job Creation Program
Guntur,Healthcare,2018,11558.0,541.0,7.106326405750542,181,Medium,786.4452258551104,Job Creation Program
Vijayawada,Technology,2019,31575.0,940.0,0.0654704781319646,365,Medium,182.61542249444048,Job Creation Program
Nellore,Manufacturing,2017,38353.0,931.0,-4.08230042988429,323,High,766.9937829977773,Job Creation Program
Vijayawada,Manufacturing,2023,2098.0,393.0,8.98488111596175,215,High,305.3105827857297,Job Creation Program
Guntur,Agriculture,2020,19493.0,376.0,11.10351150063687,456,High,273.74920324239463,Increase Investment
Vijayawada,Healthcare,2015,3121.0,560.0,8.522995332182466,111,Medium,727.7287738602218,Job Creation Program
Kakinada,Agriculture,2023,9645.0,623.0,5.89875576134612,310,High,591.7492483931863,Job Creation Program
Guntur,Technology,2014,7103.0,808.0,4.957759196589283,38,Medium,365.05869430844143,Job Creation Program
Vijayawada,Technology,2022,39493.0,419.0,19.23325313379151,169,Low,464.58733063058645,Increase Investment
Vijayawada,Technology,2018,6868.0,833.0,15.147641175472547,371,High,361.1798509916863,Increase Investment
Guntur,Manufacturing,2021,22661.0,105.0,8.170072971398413,437,High,433.5785766199683,Job Creation Program
Nellore,Manufacturing,2018,,175.0,-4.565281426864153,445,Medium,576.0107575029878,Job Creation Program
Kakinada,Energy,2015,49781.0,762.0,6.801945867000329,208,Medium,879.8308275065425,Job Creation Program
Kakinada,Energy,2017,28601.0,948.0,18.905654926903846,106,Low,302.2256087070484,Increase Investment
Visakhapatnam,Agriculture,2023,44716.0,938.0,1.3900634375415528,342,High,932.0387950441398,Job Creation Program
Vijayawada,Manufacturing,2022,1068.0,695.0,10.422528225993434,324,Medium,504.43657117065436,Increase Investment
Kakinada,Agriculture,2019,20410.0,904.0,-4.020580128565595,113,Low,229.653955637767,Job Creation Program
Kakinada,Manufacturing,2017,33699.0,701.0,2.698592691548301,447,Low,281.91713476775357,Job Creation Program
Visakhapatnam,Energy,2019,34744.0,226.0,6.269893407652475,318,High,632.1699591012946,Job Creation Program
Guntur,Agriculture,2023,47529.0,545.0,12.166743916305204,344,Low,1045.3087543438633,Increase Investment
Nellore,Energy,2019,48119.0,790.0,0.3871405485746173,452,High,150.0584103337395,Job Creation Program
Guntur,Energy,2022,42616.0,918.0,12.086318585526257,306,High,418.95240461513106,Increase Investment
Vijayawada,Agriculture,2023,26323.0,513.0,6.894774090699627,80,Medium,153.3701910852891,Job Creation Program
Visakhapatnam,Healthcare,2023,16354.0,984.0,14.355388954158968,220,Low,772.2570273089243,Increase Investment
Visakhapatnam,Manufacturing,2014,26844.0,821.0,-3.1577186907391317,152,Medium,920.0751295490318,Job Creation Program
Visakhapatnam,Energy,2017,24991.0,941.0,7.04392272806691,361,High,565.2833128711096,Job Creation Program
Kakinada,Healthcare,2021,1059.0,526.0,3.69877153577481,10,High,429.4555382781755,Job Creation Program
Nellore,Healthcare,2017,46913.0,384.0,2.2726701832471683,123,Low,525.7270535036691,Job Creation Program
Nellore,Manufacturing,2017,39092.0,413.0,13.46655133904563,248,Low,545.6168570302584,Increase Investment
Kakinada,Agriculture,2023,37821.0,718.0,2.5632921064268768,151,Medium,439.40443732414496,Job Creation Program
Nellore,Energy,2017,6714.0,449.0,14.020775750486262,320,High,737.9532831196833,Increase Investment
Visakhapatnam,Energy,2014,4652.0,747.0,5.468862448005364,173,Medium,388.85240248660006,Job Creation Program
Nellore,Agriculture,2019,21325.0,509.0,-0.2901704904028275,389,High,436.5230322038496,Job Creation Program
Guntur,Energy,2020,14472.0,476.0,16.061301902466408,349,Low,918.4517970557401,Increase Investment
Kakinada,Technology,2023,41409.0,958.0,16.295986921570062,22,Medium,408.1155547086412,Increase Investment
Visakhapatnam,Healthcare,2017,43399.0,252.0,14.225580969566199,272,Low,607.8484640433069,Increase Investment
Nellore,Agriculture,2014,33357.0,340.0,-8.889938359849241,211,Medium,550.7742095765126,Job Creation Program
Kakinada,Agriculture,2017,36414.0,127.0,3.674896258463013,356,High,317.667118248248,Job Creation Program
Kakinada,Agriculture,2016,30381.0,429.0,-8.441462802263816,129,Low,86.78612457828822,Job Creation Program
Nellore,Manufacturing,2022,46665.0,707.0,-2.410071250063013,445,Low,320.9607962620545,Job Creation Program
Visakhapatnam,Energy,2018,31858.0,916.0,13.193892933214613,83,High,444.8560592682459,Increase Investment
Visakhapatnam,Agriculture,2014,23290.0,819.0,-2.4368364698821834,236,Low,396.0423093116649,Job Creation Program
Visakhapatnam,Healthcare,2015,44382.0,951.0,16.758225863852356,252,Low,565.3707279652359,Increase Investment
Vijayawada,Manufacturing,2016,42401.0,50.0,-2.250519105864572,400,Low,701.8747404470677,Job Creation Program
Visakhapatnam,Manufacturing,2023,7624.0,504.0,18.327351827746355,96,Low,927.3698532118417,Increase Investment
Kakinada,Technology,2020,6207.0,707.0,-3.078763453469145,430,Low,844.2331423839731,Job Creation Program
Vijayawada,Healthcare,2017,16535.0,789.0,-1.619004300381936,411,High,574.2260560699865,Job Creation Program
Nellore,Energy,2023,33343.0,832.0,73.58759694060996,405,Low,828.0622016364687,Increase Investment
Guntur,Technology,2022,37492.0,523.0,17.070141979712123,459,High,608.2768425538944,Increase Investment
Guntur,Healthcare,2014,10133.0,647.0,18.04003999143591,63,Low,540.7190587445904,Increase Investment
Guntur,Healthcare,2023,44065.0,543.0,3.846768586205908,232,Low,811.8879534230981,Job Creation Program
Visakhapatnam,Technology,2021,5487.0,804.0,14.268215382664149,86,Medium,490.7164516766198,Increase Investment
Vijayawada,Energy,2015,,450.0,18.063569221320666,313,High,572.2860614959429,Increase Investment
Vijayawada,Energy,2015,49709.0,218.0,16.270148949186225,262,Medium,633.468924709226,Increase Investment
Nellore,Energy,2014,29789.0,414.0,6.037967412771627,145,Medium,200.99718508887455,Job Creation Program
Nellore,Agriculture,2016,,644.0,4.5485910376445755,175,High,1017.292926282431,Job Creation Program
Vijayawada,Technology,2020,19639.0,364.0,2.2385686948426233,248,High,911.1483900492271,Job Creation Program
Kakinada,Technology,2020,35536.0,115.0,-2.8060986057500967,264,Low,241.77298660338738,Job Creation Program
Nellore,Manufacturing,2019,41834.0,207.0,9.073280787627898,310,High,235.78169123038975,Job Creation Program
Nellore,Manufacturing,2017,3632.0,168.0,14.09010897907488,204,Low,979.6713830848458,Increase Investment
Nellore,Technology,2014,48668.0,191.0,8.485662864405908,403,High,338.2076160710153,Job Creation Program
Visakhapatnam,Technology,2022,27135.0,189.0,-3.807291463653199,385,Medium,817.8042191336955,Job Creation Program
Nellore,Healthcare,2020,,281.0,-9.645642804721604,131,High,134.22393592968308,Job Creation Program
Nellore,Agriculture,2018,30665.0,823.0,1.8407688871152388,472,High,896.1495279409584,Job Creation Program
Guntur,Healthcare,2014,,358.0,-0.08283914682846572,234,Low,279.7034358543541,Job Creation Program
Visakhapatnam,Technology,2015,1867.0,608.0,7.474525129844039,477,Low,538.4451127894517,Job Creation Program
Guntur,Healthcare,2019,33221.0,324.0,5.234328173204171,29,High,329.9592232811815,Job Creation Program
Visakhapatnam,Healthcare,2019,10265.0,528.0,3.9192761771640097,466,Medium,268.693778215426,Job Creation Program
Vijayawada,Energy,2014,41576.0,966.0,17.26696489013677,96,Low,1106.7988808387213,Increase Investment
Guntur,Technology,2014,6774.0,805.0,49.17457126109005,189,Medium,522.9638246629437,Increase Investment
Visakhapatnam,Manufacturing,2017,28584.0,502.0,11.345959745415655,462,Low,395.9567179219866,Increase Investment
Guntur,Agriculture,2014,19281.0,514.0,-2.7754273939550096,333,High,685.7343031950712,Job Creation Program
Visakhapatnam,Healthcare,2020,14936.0,853.0,17.31278547735379,27,Low,380.6780601218278,Increase Investment
Vijayawada,Manufacturing,2015,27576.0,998.0,9.656696079831702,338,Medium,389.3738268767204,Job Creation Program
Vijayawada,Agriculture,2020,38334.0,501.0,-9.915528829789693,151,Low,809.3232005627536,Job Creation Program
Vijayawada,Manufacturing,2016,45329.0,87.0,11.741529040821916,115,Medium,435.2151302655151,Increase Investment
Kakinada,Healthcare,2022,11040.0,816.0,-2.9398891353988885,465,High,857.010504655145,Job Creation Program
Visakhapatnam,Energy,2016,47545.0,793.0,11.983969748041165,344,Low,401.03288010196644,Increase Investment
Guntur,Healthcare,2015,39787.0,636.0,17.222198491412065,293,Low,975.5331824053808,Increase Investment
Nellore,Energy,2019,3080.0,514.0,15.649341739587175,62,Medium,965.4376165414781,Increase Investment
Nellore,Agriculture,2022,4477.0,204.0,5.570730924029489,298,Medium,697.3642910850201,Job Creation Program
Vijayawada,Agriculture,2023,26215.0,727.0,-2.249953680442368,496,High,979.642836743184,Job Creation Program
Guntur,Agriculture,2021,35870.0,960.0,0.01473393299527892,386,Medium,149.14144575675468,Job Creation Program
Kakinada,Healthcare,2020,11667.0,777.0,11.599900436490195,313,Medium,782.1312263915288,Increase Investment
Visakhapatnam,Manufacturing,2018,33527.0,193.0,8.569934486411295,188,Low,481.5399735587738,Job Creation Program
Nellore,Manufacturing,2017,45405.0,398.0,74.93363085249241,349,Medium,328.55896269822995,Increase Investment
Visakhapatnam,Technology,2019,26032.0,889.0,-4.45483017189011,51,Low,575.3965597718969,Job Creation Program
Visakhapatnam,Energy,2020,25719.0,779.0,17.45647709187061,251,Low,699.985956545672,Increase Investment
Kakinada,Technology,2023,11677.0,930.0,-2.938548050401153,317,Medium,419.6715031312693,Job Creation Program
Visakhapatnam,Technology,2021,24800.0,680.0,13.066242559021411,459,Medium,378.8504494013456,Increase Investment
Guntur,Manufacturing,2016,29428.0,954.0,3.941927282644354,61,Medium,255.60598627642713,Job Creation Program
Nellore,Manufacturing,2018,33238.0,106.0,-3.173183693668192,76,Medium,701.6364252847117,Job Creation Program
Guntur,Manufacturing,2014,29599.0,649.0,14.453141532163045,162,High,457.80088854373815,Increase Investment
Visakhapatnam,Healthcare,2023,22553.0,156.0,-4.83776196532507,197,High,400.4530913340929,Job Creation Program
Guntur,Healthcare,2015,41517.0,96.0,18.255632567377564,441,Low,392.5254072646825,Increase Investment
Nellore,Technology,2017,10261.0,217.0,2.4997867638427778,55,High,907.4245372775388,Job Creation Program
Vijayawada,Energy,2015,43464.0,452.0,18.469897743821438,211,Low,737.4839378020729,Increase Investment
Kakinada,Technology,2018,,615.0,9.783347814018711,403,High,568.1675890562151,Job Creation Program
Nellore,Agriculture,2020,45514.0,62.0,-5.8256531581861495,458,High,872.3880950419245,Job Creation Program
Visakhapatnam,Energy,2022,31441.0,138.0,16.507181620363724,224,Low,846.7799106361019,Increase Investment
Guntur,Manufacturing,2015,24022.0,542.0,10.38068747414177,28,High,1012.2633261098484,Increase Investment
Vijayawada,Agriculture,2016,35956.0,993.0,-13.540896523127085,321,Medium,672.384724381337,Job Creation Program
Visakhapatnam,Technology,2020,3216.0,,19.511479271364433,437,High,569.1174342023096,Increase Investment
Kakinada,Healthcare,2023,2929.0,995.0,7.255752036548381,236,Low,283.19473276365636,Job Creation Program
Nellore,Healthcare,2019,44971.0,234.0,-2.1822079312772757,220,Low,363.8936334408112,Job Creation Program
Vijayawada,Manufacturing,2016,5118.0,552.0,6.512728997704469,397,Low,834.9502640673287,Job Creation Program
Visakhapatnam,Technology,2020,43757.0,260.0,1.7942174418449381,290,High,936.6649653487968,Job Creation Program
Guntur,Manufacturing,2015,5854.0,565.0,15.179664202930727,394,Medium,1008.7651027465586,Increase Investment
Visakhapatnam,Healthcare,2015,2601.0,258.0,10.47305890586804,68,Medium,945.0204919771395,Increase Investment
Visakhapatnam,Energy,2022,31615.0,856.0,2.627729755302054,162,Medium,955.4933667053856,Job Creation Program
Nellore,Agriculture,2019,16426.0,809.0,-4.200375375407791,44,Medium,570.018963212951,Job Creation Program
Guntur,Agriculture,2023,21271.0,585.0,-6.954022216137781,63,High,946.318970035594,Job Creation Program
Vijayawada,Technology,2014,16106.0,713.0,5.465129641797876,28,Medium,508.9663743460188,Job Creation Program
Kakinada,Healthcare,2018,20575.0,777.0,17.057027376134577,70,Low,265.53310271256566,Increase Investment
Visakhapatnam,Manufacturing,2016,6566.0,668.0,-3.7256491052084657,440,Low,333.11266397720743,Job Creation Program
Guntur,Technology,2015,47776.0,675.0,4.0782110711518005,351,Low,688.5279247302747,Job Creation Program
Kakinada,Energy,2023,32258.0,646.0,15.920622360074958,236,Medium,792.8472204460843,Increase Investment
Guntur,Agriculture,2022,33237.0,666.0,10.922586132916372,482,High,734.744423645223,Increase Investment
Visakhapatnam,Healthcare,2023,20974.0,959.0,10.799552324582656,119,Low,842.5677067927477,Increase Investment
Visakhapatnam,Manufacturing,2014,,683.0,0.8215997447710279,336,Medium,630.6115262567861,Job Creation Program
Visakhapatnam,Agriculture,2023,10567.0,717.0,-1.8794296215202557,345,Medium,166.52448961369976,Job Creation Program
Guntur,Manufacturing,2023,8263.0,654.0,0.2615554285500856,452,Medium,471.7105725027176,Job Creation Program
Guntur,Technology,2022,18085.0,936.0,-1.4737577437539962,200,Low,176.2056275184626,Job Creation Program
Kakinada,Manufacturing,2017,16573.0,496.0,12.823970388988151,377,Low,957.6068931293812,Increase Investment
Kakinada,Energy,2021,23251.0,172.0,15.320584866724879,225,Low,676.3514059707668,Increase Investment
Visakhapatnam,Energy,2017,42446.0,598.0,17.296879173355524,424,High,923.435337456666,Increase Investment
Nellore,Energy,2017,36115.0,457.0,3.479139776058112,242,High,1013.8996687765856,Job Creation Program
Nellore,Manufacturing,2023,12649.0,243.0,-1.051340689455797,385,High,932.4452421246224,Job Creation Program
Visakhapatnam,Technology,2016,20122.0,,5.975249779990234,49,Low,459.73411673656614,Job Creation Program
Vijayawada,Agriculture,2018,36341.0,759.0,-9.1228097195925,149,Medium,312.75787422829296,Job Creation Program
Vijayawada,Manufacturing,2017,34580.0,782.0,17.132067761064608,412,Low,1103.9727698915253,Increase Investment
Nellore,Energy,2014,9673.0,268.0,-1.6748994753085538,42,Low,131.51126940617308,Job Creation Program
Nellore,Energy,2018,23068.0,649.0,5.690686792184714,104,Medium,323.9325572812788,Job Creation Program
Vijayawada,Healthcare,2023,19823.0,707.0,7.253221533414916,262,Low,711.2802762412434,Job Creation Program
Kakinada,Healthcare,2015,31580.0,549.0,3.496067878745169,232,Medium,786.193412654311,Job Creation Program
Visakhapatnam,Energy,2017,5652.0,740.0,3.8122071427749553,367,Low,681.0525832141336,Job Creation Program
Visakhapatnam,Agriculture,2016,31892.0,657.0,-2.7914643051328536,13,Medium,938.6600795152772,Job Creation Program
Nellore,Healthcare,2022,3488.0,666.0,12.607285059541159,37,High,198.96451849654412,Increase Investment
Vijayawada,Healthcare,2015,5973.0,294.0,18.706113393061713,440,Low,660.9959733756015,Increase Investment
Vijayawada,Healthcare,2019,23641.0,269.0,-3.5113965499375936,227,Low,475.55434328066787,Job Creation Program
Kakinada,Manufacturing,2018,6499.0,819.0,4.529375024129502,324,Medium,234.09558144762062,Job Creation Program
Vijayawada,Energy,2020,25903.0,951.0,3.070809735911725,159,Medium,160.2034005885205,Job Creation Program
Nellore,Energy,2014,42375.0,432.0,2.638279158622102,16,Medium,195.39736596524747,Job Creation Program
Vijayawada,Healthcare,2018,36241.0,785.0,10.77913026747677,138,High,432.6161725996926,Increase Investment
Kakinada,Technology,2020,24652.0,881.0,0.3650498803826361,200,Medium,517.216089446171,Job Creation Program
Guntur,Manufacturing,2014,10913.0,424.0,19.7480372818735,55,Low,534.7316780751437,Increase Investment
Vijayawada,Technology,2019,9503.0,695.0,15.225463556667435,475,Medium,578.8169717188387,Increase Investment
Vijayawada,Healthcare,2021,32195.0,353.0,8.700826805539823,217,High,915.7139186235556,Job Creation Program
Nellore,Healthcare,2022,32812.0,138.0,-4.069184877101563,152,High,944.3845248695999,Job Creation Program
Visakhapatnam,Technology,2023,19944.0,,16.025690943935295,252,Low,545.5450759606954,Increase Investment
Visakhapatnam,Technology,2014,4097.0,603.0,5.888406085479163,50,Low,264.50708869543934,Job Creation Program
Guntur,Healthcare,2019,23219.0,547.0,10.517771593398722,148,Low,855.532210615891,Increase Investment
Vijayawada,Healthcare,2018,40816.0,445.0,1.1968893080987684,142,Low,173.3261574210395,Job Creation Program
Nellore,Technology,2019,29831.0,941.0,2.0334646511409193,168,Medium,814.134902367236,Job Creation Program
Nellore,Agriculture,2022,2722.0,623.0,1.7984482139114668,153,High,922.2043323726684,Job Creation Program
Nellore,Energy,2014,18918.0,79.0,6.800187052933234,297,Medium,579.3721477718173,Job Creation Program
Kakinada,Healthcare,2016,24640.0,261.0,17.097545374002713,374,Low,608.624593426147,Increase Investment
Guntur,Healthcare,2014,13227.0,793.0,17.218193213792865,63,Low,325.5402721853774,Increase Investment
Nellore,Energy,2021,19361.0,415.0,-2.210074499825869,308,Medium,248.82819082572266,Job Creation Program
Visakhapatnam,Energy,2015,16455.0,756.0,19.114504645041322,401,Medium,909.5056551165123,Increase Investment
Vijayawada,Manufacturing,2019,47993.0,708.0,-0.3422595624387439,46,Medium,620.5768022979337,Job Creation Program
Nellore,Technology,2019,40479.0,266.0,8.551049613848724,361,High,467.7457919728376,Job Creation Program
Vijayawada,Technology,2019,17767.0,,2.503996911149457,81,Low,477.3825348567566,Job Creation Program
Kakinada,Healthcare,2020,23457.0,66.0,-1.063676070253834,95,High,790.2979737936324,Job Creation Program
Nellore,Energy,2017,28906.0,531.0,17.738464247834717,312,Low,769.1912451560023,Increase Investment
Kakinada,Technology,2022,13402.0,530.0,12.752772297655326,340,Low,803.5896931775733,Increase Investment
Visakhapatnam,Technology,2017,44815.0,91.0,2.236229857609233,498,Low,954.0349691704243,Job Creation Program
Kakinada,Technology,2021,,392.0,-1.7236064144583132,61,Medium,570.2434628553234,Job Creation Program
Visakhapatnam,Manufacturing,2014,19431.0,585.0,-3.8568346309431827,410,Medium,814.4375174089823,Job Creation Program
Kakinada,Manufacturing,2015,4621.0,920.0,15.666244386601477,210,High,535.1294483567336,Increase Investment
Nellore,Manufacturing,2022,15628.0,409.0,19.548218108754412,415,High,451.95221206480556,Increase Investment
Nellore,Technology,2019,42553.0,450.0,12.326877824262173,400,Low,1023.4709502091798,Increase Investment
Kakinada,Manufacturing,2022,30807.0,664.0,5.340421233734867,44,Medium,326.4603969919995,Job Creation Program
Vijayawada,Manufacturing,2019,32090.0,574.0,1.7909199353024166,111,Medium,487.27988042863586,Job Creation Program
Kakinada,Agriculture,2021,,630.0,4.659600552322461,177,Low,1014.3554834796315,Job Creation Program
Vijayawada,Technology,2022,9302.0,982.0,14.260804885030847,405,Low,783.0411039710029,Increase Investment
Vijayawada,Agriculture,2022,10585.0,686.0,-0.35361558195659804,160,Low,396.57419710777776,Job Creation Program
Vijayawada,Energy,2020,26144.0,264.0,16.536123364144704,73,Medium,993.655365681342,Increase Investment
Vijayawada,Agriculture,2018,,932.0,13.766140618148679,419,Low,606.3004305611457,Increase Investment
Guntur,Healthcare,2020,26597.0,159.0,12.593837704037725,274,Medium,818.02420194942,Increase Investment
Kakinada,Technology,2022,11191.0,614.0,4.2425680502321335,479,High,446.0493678284253,Job Creation Program
Visakhapatnam,Technology,2015,31636.0,613.0,-0.5646895687190936,467,High,672.538452943752,Job Creation Program
Kakinada,Healthcare,2014,11909.0,517.0,5.170056965859523,115,Medium,380.7291945134937,Job Creation Program
Vijayawada,Agriculture,2014,46812.0,402.0,11.801335784487339,89,Medium,181.4413698536391,Increase Investment
Visakhapatnam,Energy,2023,45697.0,854.0,0.04852161279956402,234,High,652.4143745733082,Job Creation Program
Kakinada,Energy,2022,11935.0,539.0,13.365551010805827,333,High,239.0403199482434,Increase Investment
Nellore,Manufacturing,2023,2948.0,582.0,-1.929336435631769,193,Medium,748.7712619446231,Job Creation Program
Nellore,Healthcare,2017,48163.0,153.0,16.98316247539559,168,High,868.9842385873552,Increase Investment
Nellore,Technology,2022,29121.0,,14.466866622353894,106,Medium,599.9453228924212,Increase Investment
Visakhapatnam,Manufacturing,2022,22427.0,259.0,-3.0495325249815863,109,Low,393.1017107602977,Job Creation Program
Visakhapatnam,Energy,2022,4185.0,826.0,6.360088970496593,214,Low,833.5343348963019,Job Creation Program
Kakinada,Healthcare,2018,17585.0,651.0,12.314434484922643,129,Low,578.1669684968464,Increase Investment
Visakhapatnam,Technology,2019,,320.0,7.554001395570372,78,High,422.1728044658252,Job Creation Program
Guntur,Agriculture,2017,31267.0,278.0,10.945642998090023,14,Medium,493.42888753469026,Increase Investment
Kakinada,Technology,2016,39585.0,804.0,-0.519753760974357,460,Low,468.8211797617662,Job Creation Program
Guntur,Healthcare,2016,21828.0,837.0,4.556397866410116,57,High,507.1370501418527,Job Creation Program
Nellore,Technology,2020,21439.0,656.0,9.516145008998759,435,Low,484.42591125903186,Job Creation Program
Guntur,Healthcare,2015,25180.0,735.0,-3.4287330435541232,13,High,733.7988121298772,Job Creation Program
Kakinada,Technology,2014,24726.0,208.0,6.486037796841284,432,Medium,575.4909586174299,Job Creation Program
Nellore,Energy,2023,1620.0,604.0,1.864293766243537,453,High,548.260334348111,Job Creation Program
Kakinada,Energy,2023,21648.0,937.0,15.202474512337794,275,Low,484.4471861806052,Increase Investment
Kakinada,Energy,2016,37393.0,,3.183340643745746,389,Medium,640.4863551183623,Job Creation Program
Vijayawada,Manufacturing,2018,36677.0,289.0,-2.1478422390225638,228,Low,225.7927359292248,Job Creation Program
Vijayawada,Agriculture,2019,26994.0,145.0,-9.96416503382424,152,Medium,597.5519607009549,Job Creation Program
Vijayawada,Energy,2016,8583.0,,18.829691092645177,179,Medium,204.58584044777297,Increase Investment
Visakhapatnam,Agriculture,2022,23101.0,225.0,3.5736646142960318,147,Low,561.040745382166,Job Creation Program
Visakhapatnam,Energy,2022,44451.0,750.0,19.559009383084376,164,Low,1041.6925703731329,Increase Investment
Nellore,Manufacturing,2016,28604.0,,-3.5558425256982895,384,High,418.9195092810559,Job Creation Program
Visakhapatnam,Energy,2022,45379.0,508.0,6.780924820009247,289,Medium,733.447098085647,Job Creation Program
Vijayawada,Healthcare,2019,47636.0,282.0,12.434689039230385,404,Low,165.0658230906297,Increase Investment
Visakhapatnam,Manufacturing,2016,3423.0,130.0,16.576699906337275,429,High,548.5497098782384,Increase Investment
Nellore,Healthcare,2016,26379.0,103.0,15.672330845639749,475,High,425.14250077100894,Increase Investment
Vijayawada,Manufacturing,2018,7714.0,234.0,16.526023363157453,189,Low,1030.6708946697884,Increase Investment
Guntur,Energy,2021,18985.0,697.0,7.786070847940575,275,Low,1053.2689138101457,Job Creation Program
Vijayawada,Technology,2016,27930.0,799.0,13.718090882416565,417,Medium,1035.6075461505084,Increase Investment
Vijayawada,Manufacturing,2014,13491.0,428.0,15.326648731391717,32,Medium,326.59805657035656,Increase Investment
Kakinada,Agriculture,2014,42535.0,805.0,7.970476091838183,461,Low,288.1623325392974,Job Creation Program
Vijayawada,Technology,2014,41431.0,411.0,0.8714673249650131,172,High,508.5817307056062,Job Creation Program
Nellore,Manufacturing,2014,23499.0,149.0,-1.2814622532125632,398,Low,535.0906212427133,Job Creation Program
Vijayawada,Energy,2023,1014.0,609.0,15.036325695601185,43,Medium,545.5712234862112,Increase Investment
Visakhapatnam,Agriculture,2016,19069.0,85.0,-0.6446801065235501,72,Medium,607.452021909455,Job Creation Program
Kakinada,Technology,2022,10483.0,711.0,4.433194357555482,93,Low,814.5200118822195,Job Creation Program
Kakinada,Energy,2018,,347.0,15.826240776724774,27,Medium,923.917055495235,Increase Investment
Visakhapatnam,Agriculture,2019,8089.0,289.0,-9.921891258815709,22,Low,385.3257342620226,Job Creation Program
Nellore,Energy,2023,42121.0,705.0,-1.2246720643223448,444,Low,201.36606194652748,Job Creation Program
Visakhapatnam,Technology,2014,26676.0,739.0,11.9960766583113,126,Medium,206.6510065049205,Increase Investment
Kakinada,Technology,2023,15630.0,300.0,11.202948075520865,115,Medium,360.6088442265626,Increase Investment
Guntur,Technology,2023,25827.0,,10.038365565765655,102,Low,1020.2346631358374,Increase Investment
Nellore,Technology,2017,47783.0,591.0,-1.3210574759069154,275,High,146.19255031739013,Job Creation Program
Visakhapatnam,Healthcare,2014,29259.0,607.0,17.065140593221038,438,Low,461.5854034008517,Increase Investment
Nellore,Energy,2023,22387.0,698.0,11.188869441335562,348,Low,231.09830870052224,Increase Investment
Nellore,Healthcare,2019,35519.0,175.0,18.753086386434134,414,Medium,183.81790117625974,Increase Investment
Kakinada,Manufacturing,2019,23728.0,660.0,9.811866189090372,366,High,300.75831684799647,Job Creation Program
Vijayawada,Healthcare,2018,44342.0,575.0,-2.9727592917853967,406,Medium,537.9066340722339,Job Creation Program
Vijayawada,Manufacturing,2014,18752.0,691.0,5.533927193640169,368,Low,380.23943690805356,Job Creation Program
Visakhapatnam,Energy,2020,18565.0,723.0,4.819996427512065,328,Low,701.8485741709122,Job Creation Program
Kakinada,Agriculture,2016,48553.0,532.0,13.404788527880253,421,Low,740.3134749683229,Increase Investment
Guntur,Healthcare,2020,,540.0,13.915242243449796,121,Low,490.1423081146289,Increase Investment
Nellore,Healthcare,2023,32657.0,80.0,15.751634304894484,221,High,503.6013074439156,Increase Investment
Guntur,Energy,2021,46841.0,611.0,12.055659417649778,415,Low,617.6600790418402,Increase Investment
Guntur,Agriculture,2017,21575.0,,-8.774218840857973,375,Medium,703.8153824481595,Job Creation Program
Vijayawada,Manufacturing,2023,18545.0,643.0,18.11964774285034,291,High,786.5093349865276,Increase Investment
Visakhapatnam,Healthcare,2014,19773.0,659.0,4.376032362372547,82,Medium,1017.8380532680351,Job Creation Program
Kakinada,Technology,2020,38142.0,989.0,-1.6335268343953695,458,High,841.8444196078298,Job Creation Program
Vijayawada,Healthcare,2018,45628.0,355.0,19.305534274175137,472,High,969.5346466733217,Increase Investment
Kakinada,Agriculture,2018,10196.0,123.0,10.681923871798478,245,Medium,540.1387663623121,Increase Investment
Vijayawada,Energy,2019,26146.0,813.0,11.22973211591233,86,High,949.2977221023673,Increase Investment
Kakinada,Technology,2017,32864.0,641.0,2.3654574921225846,165,Medium,524.1625825245058,Job Creation Program
Visakhapatnam,Agriculture,2020,41883.0,163.0,-9.190786649861995,250,Medium,747.019017760725,Job Creation Program
Visakhapatnam,Healthcare,2015,25435.0,80.0,8.081451203887035,299,Low,371.4651609631096,Job Creation Program
Kakinada,Technology,2014,24886.0,449.0,4.060306305672016,13,High,587.2307753124674,Job Creation Program
Visakhapatnam,Technology,2019,15332.0,230.0,15.065760540000845,206,High,685.651249242002,Increase Investment
Vijayawada,Agriculture,2014,14127.0,439.0,14.43300762782442,131,Low,231.3609034861492,Increase Investment
Guntur,Energy,2017,20968.0,231.0,1.2775055926633625,257,Medium,398.95103791905234,Job Creation Program
Visakhapatnam,Technology,2017,16072.0,446.0,18.323625883103603,177,High,306.72337143864206,Increase Investment
Guntur,Manufacturing,2023,3270.0,541.0,8.652283132409815,198,Medium,455.8088517463371,Job Creation Program
Visakhapatnam,Agriculture,2014,2116.0,677.0,-1.1813746870726973,341,Low,510.0020933685178,Job Creation Program
Vijayawada,Energy,2022,28081.0,353.0,9.21510533924836,358,Low,967.5293218475467,Job Creation Program
Nellore,Agriculture,2016,39738.0,834.0,3.2955340410485707,386,High,166.48475390234506,Job Creation Program
Kakinada,Manufacturing,2015,8799.0,158.0,10.817757749154818,377,High,688.0920572436646,Increase Investment
Vijayawada,Healthcare,2015,14481.0,868.0,7.349681635753509,219,High,235.79523659834047,Job Creation Program
Guntur,Agriculture,2023,28431.0,814.0,-4.429828939992872,445,Low,498.941192428458,Job Creation Program
Kakinada,Energy,2017,,79.0,10.404477040175193,377,High,848.2195368617384,Increase Investment
Nellore,Agriculture,2018,3661.0,980.0,-7.19300985402314,325,Medium,828.5085034305732,Job Creation Program
Nellore,Agriculture,2014,37126.0,325.0,14.929070356986422,395,High,750.5194786602059,Increase Investment
Visakhapatnam,Technology,2020,17211.0,699.0,9.727366895414526,167,Medium,831.9942945989476,Job Creation Program
Guntur,Energy,2016,17710.0,376.0,5.685891738782427,362,High,303.3789529378219,Job Creation Program
Guntur,Agriculture,2015,8826.0,426.0,10.812169365491126,267,High,299.0598414969922,Increase Investment
Guntur,Manufacturing,2016,47581.0,995.0,-4.978657564064918,481,Low,290.46235723755404,Job Creation Program
Vijayawada,Healthcare,2019,33001.0,266.0,14.762709529328905,379,Low,518.2688073480149,Increase Investment
Visakhapatnam,Energy,2019,36092.0,306.0,13.512959117061232,67,Low,281.3496548982074,Increase Investment
Guntur,Agriculture,2020,35993.0,971.0,11.810808938378624,327,Medium,577.6829547916565,Increase Investment
Nellore,Agriculture,2015,18001.0,408.0,13.738034404465004,456,High,349.0511803702172,Increase Investment
Visakhapatnam,Agriculture,2014,33242.0,574.0,-4.6047203395335465,160,High,698.5689052510775,Job Creation Program
Vijayawada,Agriculture,2020,,143.0,-9.75569421451297,46,High,174.04935727324644,Job Creation Program
Vijayawada,Agriculture,2020,12956.0,436.0,-4.547696789838353,483,High,526.1720419963048,Job Creation Program
Nellore,Agriculture,2015,19406.0,152.0,3.783438567476903,125,High,568.7508266225649,Job Creation Program
Guntur,Healthcare,2015,26102.0,824.0,-1.973780595691533,307,Low,443.73604789150176,Job Creation Program
Kakinada,Agriculture,2017,4514.0,312.0,7.967384678688472,231,Medium,517.858240197508,Job Creation Program
Nellore,Healthcare,2017,7495.0,859.0,10.039051720547508,214,Low,875.2354542795031,Increase Investment
Nellore,Agriculture,2023,49546.0,327.0,9.895816473761037,468,Medium,740.3593198691985,Job Creation Program
Vijayawada,Healthcare,2020,6120.0,111.0,8.586129713547315,27,High,479.5306039820375,Job Creation Program
Vijayawada,Manufacturing,2018,22472.0,409.0,3.8070270176449785,97,Medium,222.57074050216795,Job Creation Program
Nellore,Manufacturing,2019,33050.0,923.0,-4.561310929433741,311,Low,461.89910012132657,Job Creation Program
Visakhapatnam,Healthcare,2018,24091.0,314.0,9.198012581835204,383,High,137.88175950696254,Job Creation Program
Visakhapatnam,Energy,2016,17383.0,439.0,1.9982405414110858,137,High,188.77227597679467,Job Creation Program
Vijayawada,Manufacturing,2018,42180.0,398.0,19.821469379615742,299,Low,987.8894481308706,Increase Investment
Vijayawada,Technology,2017,17128.0,358.0,-2.054819673307893,198,Medium,269.6437455695577,Job Creation Program
Visakhapatnam,Technology,2019,14684.0,514.0,0.4543744069493023,373,Medium,876.3354844517194,Job Creation Program
Nellore,Healthcare,2015,27866.0,518.0,28.632022724902647,186,Medium,793.0784694287489,Job Creation Program
Vijayawada,Agriculture,2022,41289.0,465.0,3.4856167761093797,179,High,204.20811800890863,Job Creation Program
Kakinada,Energy,2023,29554.0,603.0,4.695413565273277,128,Low,747.3133437985979,Job Creation Program
Vijayawada,Technology,2017,26439.0,67.0,16.788550350030757,337,Low,668.2483287345206,Increase Investment
Vijayawada,Agriculture,2018,,600.0,14.897156893992893,456,Medium,618.3829413639573,Increase Investment
Guntur,Manufacturing,2016,3039.0,169.0,17.412131816062413,306,High,210.4265027691455,Increase Investment
Visakhapatnam,Energy,2020,4894.0,750.0,8.222349163296085,488,Medium,535.6676187247207,Job Creation Program
Nellore,Technology,2018,20259.0,,0.749740332286132,82,High,267.74974033228614,Job Creation Program
Nellore,Technology,2019,38375.0,735.0,17.139619735714724,212,Low,1027.9762050575032,Increase Investment
Nellore,Energy,2017,28138.0,498.0,16.845593433833503,223,Medium,744.8910553004908,Increase Investment
Visakhapatnam,Manufacturing,2019,1997.0,869.0,-2.857247664042901,145,High,134.17051779946718,Job Creation Program
Vijayawada,Agriculture,2014,34922.0,719.0,10.494828604263969,26,Medium,1000.4578176646579,Increase Investment
Kakinada,Healthcare,2023,43503.0,129.0,16.315805819288496,311,Low,392.04738950688215,Increase Investment
Nellore,Agriculture,2015,48244.0,532.0,13.315425429258344,59,Medium,277.8380632836544,Increase Investment
Kakinada,Technology,2020,20918.0,898.0,13.287178297336428,100,Low,1081.3188611100811,Increase Investment
Visakhapatnam,Manufacturing,2014,40613.0,545.0,5.170533302317198,241,High,590.1794064976287,Job Creation Program
Guntur,Energy,2019,32219.0,258.0,-3.2472590181789536,442,Low,821.6220717330983,Job Creation Program
Vijayawada,Energy,2019,28945.0,166.0,1.2919850965077568,291,Low,295.14469526020287,Job Creation Program
Vijayawada,Energy,2022,17909.0,329.0,8.58424718109962,445,High,955.2421732258177,Job Creation Program
Kakinada,Manufacturing,2016,45544.0,677.0,-1.8832136207949555,211,Medium,548.2506437872181,Job Creation Program
Vijayawada,Agriculture,2021,25529.0,961.0,8.306006255147228,199,Low,991.8207201119649,Job Creation Program
Nellore,Manufacturing,2022,38931.0,446.0,7.4409552959422935,270,High,677.1866606199026,Job Creation Program
Kakinada,Technology,2019,10142.0,980.0,11.454935205334166,90,Low,229.25836501227482,Increase Investment
Kakinada,Agriculture,2014,15220.0,212.0,-8.866717448800149,369,High,321.2025590085437,Job Creation Program
Guntur,Technology,2019,19223.0,835.0,-4.177155783470658,243,Medium,778.12074920802,Job Creation Program
Kakinada,Healthcare,2022,6213.0,872.0,10.852201440352953,302,High,670.6311965598777,Increase Investment
Vijayawada,Agriculture,2020,41875.0,435.0,-5.64839656481729,213,Medium,796.4294749430447,Job Creation Program
Vijayawada,Technology,2018,13128.0,132.0,16.928995050450276,36,Medium,640.3462734665943,Increase Investment
Vijayawada,Manufacturing,2019,32583.0,939.0,19.715895962232086,431,Medium,1056.1322630853592,Increase Investment
Visakhapatnam,Manufacturing,2021,34617.0,768.0,16.5446211634426,190,Low,429.06269053523914,Increase Investment
Nellore,Manufacturing,2014,10651.0,641.0,4.526553669639151,158,Medium,763.015209022387,Job Creation Program
Visakhapatnam,Agriculture,2023,,630.0,-1.2230940314190448,376,Medium,842.29450760206,Job Creation Program
Kakinada,Energy,2021,28609.0,,2.197223234496061,38,Medium,831.4593094528099,Job Creation Program
Nellore,Healthcare,2014,32480.0,981.0,4.526766910860557,144,Low,174.40758339554208,Job Creation Program
Visakhapatnam,Energy,2018,23453.0,995.0,-1.486906895497854,456,High,173.20527638979635,Job Creation Program
Guntur,Energy,2017,12544.0,528.0,1.072741795541245,227,Medium,772.6640766804578,Job Creation Program
Nellore,Energy,2018,33859.0,855.0,-1.3937171470852117,84,Low,515.0837183924215,Job Creation Program
Nellore,Healthcare,2022,18077.0,425.0,6.27978201384599,45,Medium,990.6890735588455,Job Creation Program
Visakhapatnam,Healthcare,2014,35229.0,888.0,13.173307415786805,410,Low,677.9789698521869,Increase Investment
Nellore,Manufacturing,2022,12194.0,897.0,14.083490900831919,246,Low,564.3289133804623,Increase Investment
Kakinada,Agriculture,2016,3988.0,,-7.431915657828699,70,High,915.4769728084059,Job Creation Program
Visakhapatnam,Agriculture,2019,13452.0,62.0,3.2442116882620056,132,Low,918.0114112467224,Job Creation Program
Kakinada,Agriculture,2019,19336.0,654.0,2.1852794472572548,87,High,183.29172758506246,Job Creation Program
Guntur,Healthcare,2022,32852.0,742.0,17.938527039915897,212,Medium,407.103870636176,Increase Investment
Vijayawada,Manufacturing,2015,45327.0,619.0,0.20744307711729348,211,Low,389.284072647356,Job Creation Program
Nellore,Agriculture,2014,19286.0,977.0,-9.295398691372078,490,Medium,769.1839547852948,Job Creation Program
Vijayawada,Agriculture,2017,11864.0,146.0,-5.665974688201658,45,Low,449.7276769552256,Job Creation Program
Nellore,Technology,2021,3701.0,913.0,5.768758549144069,345,High,208.66876555368535,Job Creation Program
Nellore,Technology,2015,46037.0,435.0,19.920635920281008,268,Low,881.6547662532224,Increase Investment
Visakhapatnam,Manufacturing,2021,33750.0,,6.7129056925912725,208,Medium,630.0388908253598,Job Creation Program
Kakinada,Technology,2022,44798.0,785.0,16.355418542841928,484,Low,943.3900355613091,Increase Investment
Guntur,Technology,2018,41964.0,125.0,-3.8795922332298183,178,Medium,567.1505097084628,Job Creation Program
Nellore,Manufacturing,2023,15052.0,724.0,5.480923537434004,337,Medium,258.6818864110222,Job Creation Program
Kakinada,Healthcare,2023,47474.0,987.0,3.1030318083079926,274,High,797.6269239479999,Job Creation Program
Nellore,Technology,2015,21521.0,229.0,17.347249348674104,60,Medium,902.7252010084637,Increase Investment
Guntur,Energy,2018,20637.0,970.0,5.7043921865537595,286,Low,991.3326042095715,Job Creation Program
Nellore,Healthcare,2020,24560.0,227.0,15.218555725527992,125,High,989.5461214969486,Increase Investment
Guntur,Agriculture,2014,1488.0,848.0,-2.2430541056084934,59,High,782.97890118444,Job Creation Program
Nellore,Technology,2023,44026.0,,-3.543392161473692,185,Low,859.4992436844989,Job Creation Program
Nellore,Technology,2014,47404.0,572.0,37.544092653066535,240,High,1023.6880524938852,Job Creation Program
Vijayawada,Technology,2014,33227.0,414.0,8.286687398935323,203,Low,758.3068858315922,Job Creation Program
Vijayawada,Energy,2016,29014.0,824.0,0.4553269285351096,426,Low,266.7518938911293,Job Creation Program
Vijayawada,Agriculture,2018,19226.0,676.0,-6.277819934405831,90,High,539.5619372434165,Job Creation Program
Guntur,Manufacturing,2014,24527.0,99.0,-3.8751634095014458,251,High,646.1635882245936,Job Creation Program
Guntur,Agriculture,2022,36268.0,669.0,-7.755068348178492,372,High,168.11859275068588,Job Creation Program
Nellore,Manufacturing,2017,21828.0,281.0,-0.2635886721255849,361,Medium,110.2593158313271,Job Creation Program
Kakinada,Manufacturing,2022,9583.0,219.0,14.207679597107074,306,Medium,169.77870457941611,Job Creation Program
Nellore,Energy,2016,17879.0,997.0,1.340504228349733,238,Medium,503.3648271566468,Job Creation Program
Vijayawada,Agriculture,2021,18490.0,235.0,13.92766382140081,148,High,662.7300099802919,Increase Investment
Kakinada,Manufacturing,2017,10144.0,924.0,15.23948152287462,31,Medium,342.8128092713615,Increase Investment
Vijayawada,Healthcare,2014,30055.0,239.0,17.900013564896074,372,Medium,593.7810324201016,Increase Investment
Vijayawada,Healthcare,2018,42703.0,430.0,17.22716458317164,102,Low,932.0768077076381,Increase Investment
Vijayawada,Healthcare,2016,7228.0,,0.06679765768261703,313,High,190.5564244884962,Job Creation Program
Kakinada,Agriculture,2017,48373.0,890.0,-8.406916832782043,107,Low,835.1784401882398,Job Creation Program
Nellore,Healthcare,2015,12870.0,368.0,18.36327878977629,133,High,489.57686594637676,Increase Investment
Nellore,Energy,2018,17631.0,481.0,-1.8048539301196778,150,High,803.3186525961244,Job Creation Program
Guntur,Manufacturing,2022,37380.0,492.0,0.012964751607718483,315,High,135.06378657790998,Job Creation Program
Kakinada,Manufacturing,2015,24826.0,136.0,-1.0134975553308205,294,High,928.62164332475,Job Creation Program
Kakinada,Agriculture,2015,36077.0,536.0,12.878518487934869,271,High,273.0288590953309,Increase Investment
Kakinada,Healthcare,2015,45550.0,771.0,10.27296443793153,142,Medium,796.2045558164521,Increase Investment
Nellore,Manufacturing,2014,20121.0,433.0,17.072132666129605,113,Medium,466.9223344443412,Increase Investment
Nellore,Energy,2018,14512.0,734.0,4.3404443077577,65,Medium,789.8588612189416,Job Creation Program
Nellore,Manufacturing,2021,39783.0,354.0,-4.671946860959163,419,Low,958.4613081122045,Job Creation Program
Nellore,Technology,2020,14891.0,146.0,19.09447841040759,86,Low,834.8779384791951,Increase Investment
Kakinada,Technology,2017,40240.0,65.0,13.298551376944033,196,Medium,844.6440583950136,Increase Investment
Guntur,Energy,2014,6760.0,142.0,13.890192837544955,389,High,597.7240738293139,Increase Investment
Guntur,Energy,2021,29760.0,424.0,13.94533264235665,373,Medium,305.1282104035922,Increase Investment
Nellore,Agriculture,2019,29962.0,398.0,4.296892911773792,85,High,712.1016337888597,Job Creation Program
Vijayawada,Technology,2017,46213.0,377.0,12.214988016887382,86,High,778.0505048236654,Increase Investment
Guntur,Healthcare,2014,45280.0,413.0,16.315560936902923,481,High,705.3832666694091,Increase Investment
Nellore,Healthcare,2018,40579.0,200.0,12.250503432882049,396,Low,987.5010068657641,Increase Investment
Nellore,Technology,2022,28552.0,611.0,11.492612053677298,188,High,373.2198596479683,Increase Investment
Visakhapatnam,Agriculture,2017,41314.0,947.0,10.776336022433455,251,Medium,867.0519021324449,Increase Investment
Nellore,Manufacturing,2020,36223.0,138.0,-0.6014180668753353,78,Medium,335.170043067712,Job Creation Program
Vijayawada,Energy,2023,2020.0,631.0,10.727828587010759,255,High,913.6925983840379,Increase Investment
Vijayawada,Technology,2015,21371.0,306.0,7.775726632717383,439,High,188.7937234961152,Job Creation Program
Guntur,Healthcare,2019,46309.0,66.0,8.834954882168823,322,High,528.8310702222315,Job Creation Program
Guntur,Agriculture,2020,16272.0,467.0,-5.3117988013359785,252,High,592.193899597761,Job Creation Program
Vijayawada,Energy,2023,42173.0,117.0,2.18449788138921,336,Medium,118.55586252122538,Job Creation Program
Visakhapatnam,Healthcare,2021,10533.0,522.0,13.965387101271507,388,Medium,712.8993206686373,Increase Investment
Guntur,Healthcare,2014,21193.0,725.0,2.8441744072109607,322,Low,439.62026445227946,Job Creation Program
Guntur,Technology,2014,15450.0,499.0,8.600307284077745,54,High,830.9155333475479,Job Creation Program
Guntur,Healthcare,2022,38269.0,404.0,5.905219105565578,49,Medium,205.85708518648494,Job Creation Program
Kakinada,Agriculture,2019,13812.0,112.0,-7.490102023678474,258,Low,987.6110857334801,Job Creation Program
Nellore,Manufacturing,2022,37516.0,447.0,13.837389037013963,232,Medium,238.8531289954524,Increase Investment
Kakinada,Healthcare,2023,1424.0,436.0,19.725981043894894,355,High,275.0052773513817,Increase Investment
Visakhapatnam,Agriculture,2017,8017.0,683.0,-0.5411599184522,487,Low,274.3038777569715,Job Creation Program
Nellore,Healthcare,2018,29015.0,65.0,-2.9130973825723006,415,High,977.106486701328,Job Creation Program
Kakinada,Agriculture,2021,30150.0,130.0,4.7360805151062255,444,High,502.1569046696381,Job Creation Program
Vijayawada,Healthcare,2017,41794.0,877.0,15.113239993125013,389,Low,1128.5431147397064,Increase Investment
Visakhapatnam,Manufacturing,2019,34781.0,926.0,9.934972279678824,161,High,318.9978433098259,Job Creation Program
Visakhapatnam,Energy,2014,33827.0,659.0,-0.9077429024049213,413,Low,786.0179742731516,Job Creation Program
Kakinada,Technology,2014,7458.0,647.0,14.121549679685938,354,Medium,288.366426427568,Increase Investment
Nellore,Energy,2016,8636.0,141.0,6.248989409215238,175,Medium,471.8110750669935,Job Creation Program
Kakinada,Agriculture,2018,24062.0,249.0,6.5337460020765725,468,Medium,813.2690275451706,Job Creation Program
Guntur,Energy,2021,4567.0,684.0,18.00821441567597,274,Low,503.17618660322364,Increase Investment
Visakhapatnam,Healthcare,2019,6025.0,312.0,9.40463531268181,47,High,864.3424621755672,Job Creation Program
Guntur,Energy,2020,40738.0,427.0,13.739657251920388,268,Medium,415.66833646570007,Increase Investment
Kakinada,Energy,2021,34055.0,835.0,7.708677400340912,288,Medium,729.3674562928466,Job Creation Program
Kakinada,Agriculture,2015,44420.0,661.0,8.604988121515412,461,Low,786.8789714832169,Job Creation Program
Nellore,Healthcare,2022,4372.0,998.0,26.198082566641,71,Medium,207.3642160037693,Job Creation Program
Kakinada,Energy,2019,,655.0,-3.225884167861613,248,Medium,680.8704587005064,Job Creation Program
Vijayawada,Manufacturing,2018,41770.0,191.0,-3.96833038994442,307,Medium,796.4204889552061,Job Creation Program
Kakinada,Agriculture,2020,45751.0,492.0,-2.6773581129160116,151,Medium,981.8273980844532,Job Creation Program
Vijayawada,Healthcare,2014,11352.0,230.0,6.584587146657993,79,Medium,599.1445504373133,Job Creation Program
Guntur,Manufacturing,2016,12360.0,580.0,-2.2207666811539695,107,Low,949.1195532493069,Job Creation Program
Kakinada,Energy,2016,35515.0,90.0,15.36446815006672,48,Low,1012.82802133506,Increase Investment
Nellore,Healthcare,2014,4709.0,158.0,-4.225476168053453,101,Low,501.32374765447554,Job Creation Program
Vijayawada,Energy,2022,22162.0,211.0,2.3867585721878353,61,Low,652.0360605873163,Job Creation Program
Kakinada,Healthcare,2016,26226.0,865.0,6.666145018784388,108,High,300.66215441248494,Job Creation Program
Visakhapatnam,Energy,2021,24083.0,483.0,12.478470742519978,198,High,628.2710136863715,Increase Investment
Nellore,Manufacturing,2014,3870.0,712.0,18.271827322863007,405,High,856.0954105387846,Increase Investment
Nellore,Healthcare,2018,27970.0,667.0,8.57882809266079,459,High,768.2207833780475,Job Creation Program
Kakinada,Agriculture,2022,4152.0,410.0,9.920302967006354,96,Medium,425.67324216472605,Job Creation Program
Guntur,Energy,2023,14133.0,756.0,13.689155854495578,471,High,498.4900182599866,Increase Investment
Kakinada,Healthcare,2015,13860.0,985.0,7.683588308055407,272,High,495.68334483434575,Job Creation Program
Nellore,Agriculture,2016,26358.0,,5.593049231979586,421,Low,272.5515465301212,Job Creation Program
Kakinada,Technology,2023,,,-1.9315170113922764,313,Low,481.6813103132413,Job Creation Program
Visakhapatnam,Technology,2018,15155.0,304.0,1.9760596782565045,143,High,502.00722142189977,Job Creation Program
Visakhapatnam,Agriculture,2018,,168.0,-7.711206606218848,294,High,593.0451729015523,Job Creation Program
Guntur,Agriculture,2020,8662.0,286.0,11.319466915789036,336,Low,258.3736753791566,Increase Investment
Visakhapatnam,Manufacturing,2015,34749.0,397.0,12.548620614364705,419,High,735.8180238390279,Increase Investment
Guntur,Manufacturing,2019,,363.0,-3.5965754897546063,30,Low,661.9444309721907,Job Creation Program
Nellore,Energy,2023,24486.0,921.0,14.97126150501586,112,Low,1114.885318461196,Increase Investment
Guntur,Energy,2022,2341.0,719.0,-4.930140404490383,199,High,115.55229049171415,Job Creation Program
Nellore,Manufacturing,2019,42633.0,915.0,13.874208876650897,413,Low,693.9490112213557,Increase Investment
Vijayawada,Agriculture,2018,10904.0,347.0,-8.734728981070663,138,Medium,951.6904904356848,Job Creation Program
Nellore,Agriculture,2015,19472.0,519.0,4.76338599205064,246,Low,860.7219732987428,Job Creation Program
Nellore,Manufacturing,2022,18246.0,,16.09095032114486,432,Medium,1024.216443623021,Increase Investment
Guntur,Energy,2021,31387.0,608.0,15.569227537683389,286,High,506.660903429115,Increase Investment
Visakhapatnam,Healthcare,2021,13129.0,,4.731586574544252,469,High,700.3576853505369,Job Creation Program
Vijayawada,Manufacturing,2021,33145.0,174.0,16.852740692953766,489,Medium,840.3237688057395,Increase Investment
Vijayawada,Healthcare,2021,25806.0,,1.4085432086814471,479,High,611.2539318465456,Job Creation Program
Guntur,Manufacturing,2017,,940.0,-0.9719275821041578,358,Low,841.8638807282209,Job Creation Program
Nellore,Manufacturing,2017,46593.0,482.0,16.941731696294024,154,Low,248.6591467761372,Increase Investment
Kakinada,Manufacturing,2018,36455.0,50.0,13.179343156053822,441,High,371.5896715780269,Increase Investment
Nellore,Agriculture,2020,20152.0,99.0,9.053024384360214,278,Low,704.9624941405166,Job Creation Program
Visakhapatnam,Technology,2020,31144.0,977.0,14.568371033925693,46,High,981.3329850014541,Increase Investment
Visakhapatnam,Technology,2015,45254.0,245.0,14.824555893120944,26,High,367.3201619381463,Increase Investment
Kakinada,Energy,2016,46000.0,596.0,10.279084069790771,475,Medium,454.263341055953,Increase Investment
Vijayawada,Technology,2015,45292.0,231.0,18.512193424231246,451,Medium,215.76316680997417,Increase Investment
Visakhapatnam,Healthcare,2014,22086.0,589.0,5.794543396275769,453,High,451.1298606040643,Job Creation Program
Visakhapatnam,Technology,2014,40586.0,106.0,15.516204501234554,141,High,157.44717677130862,Increase Investment
Guntur,Energy,2014,32474.0,,9.14724390106081,67,Low,374.71466902247454,Job Creation Program
Guntur,Manufacturing,2020,46485.0,855.0,1.2625399221175826,272,High,334.7947163341053,Job Creation Program
Nellore,Healthcare,2018,8408.0,504.0,17.487497091471273,399,Medium,846.1369853410152,Increase Investment
Kakinada,Manufacturing,2022,35075.0,87.0,5.898362272278206,252,Low,396.13157517688205,Job Creation Program
Vijayawada,Energy,2015,11844.0,496.0,7.113543275556726,491,Low,533.2831746467614,Job Creation Program
Guntur,Agriculture,2018,22310.0,838.0,-5.216380932453185,239,High,518.2867277860423,Job Creation Program
Visakhapatnam,Agriculture,2017,23887.0,136.0,-7.987124755017238,352,High,891.1375103331766,Job Creation Program
Kakinada,Technology,2016,13891.0,461.0,8.073861379627955,457,High,906.2205009600849,Job Creation Program
Nellore,Manufacturing,2015,27823.0,291.0,-4.433366973274751,174,Medium,262.09890210777047,Job Creation Program
Kakinada,Agriculture,2018,34101.0,297.0,3.8187958308781536,395,High,795.3418236177081,Job Creation Program
Nellore,Energy,2017,8494.0,344.0,-1.4278016451933202,46,Low,994.088362340535,Job Creation Program
Guntur,Energy,2015,27250.0,707.0,-0.9112072169263392,377,Low,224.5577649763308,Job Creation Program
Nellore,Healthcare,2016,37115.0,262.0,-1.7603567497503896,333,Medium,664.3878653156539,Job Creation Program
Nellore,Healthcare,2021,7659.0,214.0,9.145215854654355,309,Low,1011.5707619289603,Job Creation Program
Kakinada,Energy,2017,31125.0,734.0,19.32420112356756,238,Medium,270.8396362469859,Increase Investment
Vijayawada,Energy,2015,47643.0,370.0,11.841358269556082,474,High,981.8130255973575,Increase Investment
Nellore,Healthcare,2020,10219.0,911.0,-3.3357013174391223,299,Medium,872.6117609981296,Job Creation Program
Guntur,Technology,2014,3566.0,929.0,18.886553590719465,474,Low,1054.4560828577837,Increase Investment
Vijayawada,Technology,2023,1964.0,549.0,-2.353024463154944,123,Medium,538.0818956972794,Job Creation Program
Vijayawada,Manufacturing,2014,20689.0,65.0,9.428370871731438,445,High,408.12844106662544,Job Creation Program
Kakinada,Healthcare,2022,,775.0,2.175004476974248,43,Low,793.8562846965505,Job Creation Program
Guntur,Agriculture,2021,32902.0,307.0,-2.065260659168188,99,Low,390.65964977635366,Job Creation Program
Vijayawada,Energy,2016,13977.0,,12.9871867589403,466,Low,213.10451299423806,Increase Investment
Guntur,Energy,2021,29401.0,534.0,18.538549114949163,402,High,593.9958522738285,Increase Investment
Vijayawada,Manufacturing,2019,22291.0,108.0,12.068029443382574,343,Medium,295.03347179885316,Increase Investment
Nellore,Technology,2017,26072.0,392.0,18.962965204535656,325,High,413.33482360177976,Increase Investment
Visakhapatnam,Agriculture,2021,49864.0,367.0,-2.3978792872063,401,High,147.19978301595287,Job Creation Program
Visakhapatnam,Healthcare,2015,46321.0,296.0,0.9100989738278651,149,Medium,354.69389296253047,Job Creation Program
Guntur,Agriculture,2021,27681.0,386.0,12.583027631731362,299,Low,859.5704866584831,Increase Investment
Visakhapatnam,Agriculture,2019,12030.0,,8.292990427706634,296,Low,1068.6369138493596,Job Creation Program
Nellore,Technology,2016,13195.0,340.0,-4.444484012001541,192,Low,279.88875435919476,Job Creation Program
Kakinada,Agriculture,2018,13134.0,93.0,13.75960735947794,487,Medium,527.7964348443145,Increase Investment
Kakinada,Energy,2016,27167.0,,17.4371630001896,114,Medium,376.7129697107906,Increase Investment
Kakinada,Healthcare,2022,6153.0,132.0,-0.08550809795627856,437,Medium,302.88712931069773,Job Creation Program
Kakinada,Energy,2015,23166.0,920.0,16.76356157764699,381,Low,1067.2247665143523,Increase Investment
Vijayawada,Agriculture,2021,33390.0,911.0,14.866355573952749,131,High,822.4324992787095,Increase Investment
Visakhapatnam,Healthcare,2021,12017.0,302.0,-1.328137175779327,440,High,615.9890257291464,Job Creation Program
Kakinada,Manufacturing,2022,13142.0,529.0,12.315820402476138,354,Low,392.1506899290988,Increase Investment
Kakinada,Agriculture,2022,23007.0,479.0,0.47790543172097344,207,Low,388.28916701794344,Job Creation Program
Guntur,Manufacturing,2017,2887.0,761.0,12.83132578128177,312,High,571.6463891955543,Increase Investment
Guntur,Agriculture,2015,48060.0,446.0,2.4431844119516963,84,High,631.8966024773046,Job Creation Program
Vijayawada,Manufacturing,2014,30301.0,872.0,2.824729562346902,155,Low,294.631641783665,Job Creation Program
Guntur,Manufacturing,2014,40258.0,351.0,4.5384710618386634,417,Low,796.9300334270537,Job Creation Program
Vijayawada,Healthcare,2021,31146.0,952.0,-2.8614583193609167,272,Low,916.7589167996841,Job Creation Program
Visakhapatnam,Manufacturing,2014,,289.0,13.406569194441001,199,High,794.7449849719345,Increase Investment
Visakhapatnam,Agriculture,2014,40276.0,121.0,10.032806621386818,423,High,598.1396960118781,Increase Investment
Vijayawada,Energy,2015,40258.0,373.0,15.880605108482147,346,Low,437.23465705463843,Increase Investment
Nellore,Technology,2018,8670.0,497.0,16.303317990484658,382,Low,312.02749041270874,Increase Investment
Kakinada,Energy,2022,26837.0,342.0,0.5307265443829108,76,High,136.81508478178955,Job Creation Program
Vijayawada,Manufacturing,2015,7900.0,162.0,-1.240902741604431,175,Medium,174.9897375586008,Job Creation Program
Visakhapatnam,Technology,2019,1372.0,355.0,2.9962623211437407,429,High,694.6367312400603,Job Creation Program
Kakinada,Healthcare,2014,14950.0,874.0,3.7579381468082147,36,Medium,778.8443794031037,Job Creation Program
Visakhapatnam,Agriculture,2014,8261.0,656.0,-6.330156014075927,460,High,67.47417654766193,Job Creation Program
Vijayawada,Technology,2017,2642.0,391.0,17.602697636440894,29,Low,550.8265477584839,Increase Investment
Kakinada,Technology,2018,3962.0,794.0,15.864396624873827,496,Medium,804.9633092014982,Increase Investment
Visakhapatnam,Manufacturing,2023,3822.0,438.0,12.752602364820781,262,High,746.856398357915,Increase Investment
Kakinada,Agriculture,2017,21394.0,269.0,-3.3478066032762595,274,Medium,720.9944002371868,Job Creation Program
Visakhapatnam,Manufacturing,2020,2076.0,254.0,1.2814790866781767,336,Medium,142.25495688016258,Job Creation Program
Vijayawada,Manufacturing,2017,46760.0,546.0,17.23887786255016,252,Medium,878.1242731295239,Increase Investment
Visakhapatnam,Energy,2017,13516.0,778.0,-1.193496747203083,496,Low,441.71459530676003,Job Creation Program
Kakinada,Healthcare,2015,38474.0,401.0,1.9892751342642363,206,Low,966.9769932883996,Job Creation Program
Vijayawada,Manufacturing,2022,45039.0,685.0,5.087186882012626,225,Low,863.8472301417864,Job Creation Program
Kakinada,Agriculture,2020,23074.0,299.0,-1.7063377079734376,47,Medium,158.89805025315943,Job Creation Program
Visakhapatnam,Technology,2023,43791.0,743.0,1.7321129952177348,317,Medium,910.8695995544678,Job Creation Program
Guntur,Manufacturing,2018,7780.0,309.0,11.638350004250348,364,Low,348.9625015131336,Increase Investment
Kakinada,Energy,2017,39190.0,380.0,72.51548183905436,257,High,454.8897077471016,Increase Investment
Guntur,Manufacturing,2016,41765.0,344.0,2.04734426498331,380,Medium,798.0428642715426,Job Creation Program
Vijayawada,Energy,2021,2401.0,968.0,-1.6617756671964976,27,High,748.9140115415379,Job Creation Program
Nellore,Energy,2017,45555.0,596.0,11.501650040837497,60,High,907.5498342433915,Increase Investment
Nellore,Manufacturing,2023,,928.0,4.206505955752013,420,High,308.0363752693787,Job Creation Program
Visakhapatnam,Technology,2017,48443.0,887.0,14.378569101133468,183,High,764.5379079270539,Increase Investment
Nellore,Agriculture,2023,11149.0,95.0,2.88238594078614,64,Medium,592.7382666437468,Job Creation Program
Kakinada,Technology,2018,15151.0,324.0,-0.8944828135107317,385,High,159.10187568422523,Job Creation Program
Vijayawada,Agriculture,2018,40766.0,,13.482381840424004,465,Low,1012.3305980067955,Increase Investment
Guntur,Energy,2016,6429.0,393.0,2.6347792842901105,270,Medium,935.3546825872602,Job Creation Program
Visakhapatnam,Agriculture,2021,45802.0,400.0,5.075206810563726,372,Low,499.3008272422549,Job Creation Program
Visakhapatnam,Agriculture,2019,49554.0,76.0,0.6243093324773366,98,High,832.4744750926827,Job Creation Program
Vijayawada,Energy,2021,,374.0,16.92577151273732,352,High,192.30238545763757,Increase Investment
Vijayawada,Manufacturing,2021,7639.0,480.0,4.8189783638673145,259,High,535.1310961465631,Job Creation Program
Vijayawada,Energy,2016,47471.0,97.0,15.531354094469119,486,Medium,271.06541347163505,Increase Investment
Visakhapatnam,Healthcare,2022,18341.0,519.0,-4.89995810163245,43,High,399.5692174525276,Job Creation Program
Visakhapatnam,Energy,2019,10973.0,247.0,8.431306800083467,89,Low,533.8253277962061,Job Creation Program
Vijayawada,Healthcare,2014,13794.0,660.0,15.889715222323126,164,Low,962.8721204673326,Increase Investment
Kakinada,Agriculture,2022,2964.0,777.0,-3.619946899610051,423,Medium,84.8730125900299,Job Creation Program
Nellore,Healthcare,2019,32377.0,490.0,4.793377407128027,32,High,238.48754929492733,Job Creation Program
Kakinada,Energy,2015,27067.0,685.0,-2.3566183018387377,134,High,601.8571646324046,Job Creation Program
Kakinada,Agriculture,2018,39389.0,992.0,-1.7773586324614339,371,Low,284.36860236598255,Job Creation Program
Visakhapatnam,Manufacturing,2014,29534.0,798.0,2.3791186324675735,302,High,785.9853666870912,Job Creation Program
Kakinada,Technology,2018,,891.0,12.728424788985638,290,High,501.41026486986203,Increase Investment
Visakhapatnam,Manufacturing,2018,32051.0,101.0,8.038536229837849,172,Medium,384.11892159213625,Job Creation Program
Vijayawada,Technology,2023,,521.0,3.0604683471733,163,High,832.9450400887729,Job Creation Program
Vijayawada,Agriculture,2020,40708.0,688.0,5.567195342413706,58,Low,169.30230395580628,Job Creation Program
Kakinada,Manufacturing,2019,24183.0,485.0,17.464579510193865,176,High,963.7032106244402,Increase Investment
Guntur,Agriculture,2015,33380.0,532.0,-2.6267128059697518,60,High,762.0258878722409,Job Creation Program
Guntur,Manufacturing,2014,40028.0,53.0,3.856004965844688,402,Medium,900.0436826318977,Job Creation Program
Nellore,Technology,2021,20108.0,553.0,2.912553497757269,428,High,1001.1064208425977,Job Creation Program
Kakinada,Manufacturing,2014,48156.0,813.0,4.6975091234658635,343,High,1035.1907491737775,Job Creation Program
Guntur,Manufacturing,2019,21414.0,305.0,18.57529631232915,151,High,163.6546537526039,Increase Investment
Guntur,Agriculture,2021,40441.0,350.0,9.366919209336348,101,High,446.78421723267724,Job Creation Program
Nellore,Technology,2019,38113.0,814.0,-3.384883797841977,400,High,410.4470458855663,Job Creation Program
Kakinada,Technology,2021,,293.0,10.005635271512402,37,High,526.3165113455314,Increase Investment
Visakhapatnam,Energy,2015,35058.0,156.0,10.508571532930398,408,High,162.39337159137142,Increase Investment
Vijayawada,Healthcare,2021,20794.0,983.0,7.336042514064147,340,Low,810.1132979132506,Job Creation Program
Guntur,Manufacturing,2015,6585.0,784.0,1.7474297388944535,219,High,723.6998491529325,Job Creation Program
Visakhapatnam,Healthcare,2018,26976.0,344.0,1.7633711033497272,454,Medium,670.0659965955231,Job Creation Program
Visakhapatnam,Healthcare,2015,48894.0,265.0,5.800114720228848,64,Low,126.37030400860644,Job Creation Program
Visakhapatnam,Agriculture,2016,45594.0,881.0,-3.1592151816065615,214,Medium,967.1673142500462,Job Creation Program
Visakhapatnam,Technology,2014,49641.0,,9.833591429711793,397,Low,268.48568201037733,Job Creation Program
Visakhapatnam,Agriculture,2020,6585.0,843.0,10.205286191255915,309,Medium,243.03056259228737,Increase Investment
Guntur,Healthcare,2015,37805.0,932.0,3.3906989214849315,441,High,326.6013139482396,Job Creation Program
Kakinada,Technology,2018,14199.0,440.0,18.82011463909852,490,Low,410.80850441203347,Increase Investment
Nellore,Agriculture,2022,31604.0,720.0,3.0520952290569117,35,High,279.97508564920975,Job Creation Program
Vijayawada,Energy,2016,11631.0,182.0,18.004585075333402,135,High,735.7683448371068,Increase Investment
Guntur,Healthcare,2014,20407.0,843.0,1.0876565184648683,181,Low,422.16894445065884,Job Creation Program
Nellore,Manufacturing,2015,24075.0,437.0,14.74413719486666,430,Low,304.4318795415673,Increase Investment
Visakhapatnam,Manufacturing,2018,12994.0,415.0,6.083000161977003,495,Medium,382.24445067220455,Job Creation Program
Visakhapatnam,Agriculture,2019,21022.0,194.0,5.94451630796244,188,Low,463.53236163744714,Job Creation Program
Nellore,Manufacturing,2020,47806.0,921.0,2.0705452882094235,143,Medium,823.0697221044088,Job Creation Program
Vijayawada,Agriculture,2014,11429.0,999.0,-6.2727557817820845,401,Medium,205.33516973999696,Job Creation Program
Vijayawada,Energy,2019,35600.0,324.0,13.892703170465314,357,Medium,611.0123582723077,Increase Investment
Nellore,Technology,2014,12093.0,479.0,7.6602826755540185,472,Medium,496.69275401590374,Job Creation Program
Nellore,Healthcare,2017,40673.0,396.0,5.636227913795423,93,High,374.31946253862986,Job Creation Program
Nellore,Agriculture,2021,41463.0,451.0,-2.0509268021151623,421,Medium,167.7503201224606,Job Creation Program
Kakinada,Energy,2014,18674.0,175.0,11.525588585621822,391,Medium,522.1697800248382,Increase Investment
Kakinada,Energy,2021,10530.0,74.0,12.413269840105556,362,Low,225.1858196816781,Increase Investment
Nellore,Energy,2015,19262.0,59.0,7.48905389837309,269,Medium,841.4185418000401,Job Creation Program
Guntur,Technology,2020,30842.0,618.0,16.608467063474237,401,Medium,447.64032645227076,Increase Investment
Kakinada,Technology,2019,35941.0,362.0,15.713785211626032,290,Medium,438.8839024660862,Increase Investment
Nellore,Healthcare,2017,12554.0,88.0,-3.046964230256395,52,Medium,436.3186714773744,Job Creation Program
Kakinada,Energy,2018,17958.0,654.0,8.207302628207726,442,High,736.6757591884785,Job Creation Program
Nellore,Technology,2023,6877.0,530.0,70.54609393685173,447,Low,279.47357446632856,Increase Investment
Vijayawada,Healthcare,2014,44938.0,933.0,-2.933623455254473,91,Medium,318.6292931624758,Job Creation Program
Guntur,Energy,2022,43706.0,479.0,16.55455132199072,309,High,430.29630083233553,Increase Investment
Guntur,Energy,2023,27606.0,286.0,4.17025236888672,69,High,112.92692177501601,Job Creation Program
Nellore,Manufacturing,2023,16902.0,767.0,-3.569339814713286,20,High,118.6231636211491,Job Creation Program
Kakinada,Energy,2015,34299.0,269.0,4.175779390539645,41,Medium,881.2328465605516,Job Creation Program
Visakhapatnam,Healthcare,2018,45590.0,758.0,17.188050458859124,388,Medium,897.571355619538,Job Creation Program
Guntur,Healthcare,2016,8042.0,760.0,16.692723694571928,492,Low,1106.8647000787466,Increase Investment
Kakinada,Technology,2018,22606.0,804.0,3.636090236512853,181,High,320.2341655015633,Job Creation Program
Kakinada,Energy,2018,4266.0,307.0,-3.009075072166649,368,Low,111.76213952844839,Job Creation Program
Visakhapatnam,Technology,2018,9894.0,335.0,2.04089483383642,483,High,381.83699769335203,Job Creation Program
Vijayawada,Technology,2022,37885.0,888.0,14.478431419939998,105,Low,672.5684710090671,Increase Investment
Visakhapatnam,Manufacturing,2018,26115.0,141.0,0.5374536335746569,381,Low,471.7578096233403,Job Creation Program
Nellore,Technology,2018,42049.0,55.0,8.0565101132254,104,High,981.431080562274,Job Creation Program
Vijayawada,Energy,2016,48510.0,568.0,15.566158678657487,136,Low,421.41578129477455,Increase Investment
Nellore,Agriculture,2016,22198.0,319.0,-3.0441344333964553,387,Low,363.28921115746533,Job Creation Program
Visakhapatnam,Energy,2022,38133.0,165.0,15.86489346570793,101,Low,724.177074218418,Increase Investment
Nellore,Agriculture,2022,9599.0,,11.364644220237025,104,High,583.3668615047585,Increase Investment
Nellore,Technology,2016,15171.0,536.0,17.92076439283617,253,Medium,341.05529714560186,Increase Investment
Visakhapatnam,Manufacturing,2016,45874.0,311.0,10.20155713262778,445,Medium,700.7268426824724,Increase Investment
Visakhapatnam,Manufacturing,2017,30470.0,464.0,17.16532857179053,156,High,1076.6471245731082,Increase Investment
Guntur,Healthcare,2016,9070.0,850.0,19.238164015997164,155,Medium,730.5243941359759,Increase Investment
Vijayawada,Manufacturing,2020,17110.0,50.0,-1.3573686877699038,284,High,992.3213156561151,Job Creation Program
Vijayawada,Manufacturing,2021,,652.0,10.037253391576089,207,Low,872.4428921130761,Increase Investment
Kakinada,Agriculture,2017,24270.0,619.0,13.395318962068163,303,Medium,217.91702437520195,Increase Investment
Nellore,Technology,2023,43257.0,712.0,8.919736922971165,160,Medium,627.5085268915547,Job Creation Program
Kakinada,Technology,2017,42982.0,635.0,-0.5280315279339352,176,High,976.6469997976195,Job Creation Program
Kakinada,Healthcare,2017,23031.0,977.0,-2.0608232381693052,469,High,403.8657569630859,Job Creation Program
Vijayawada,Healthcare,2021,17911.0,538.0,12.659480247576042,12,High,637.1080037319591,Increase Investment
Guntur,Agriculture,2019,8207.0,351.0,-3.802205064771478,247,High,340.663565055663,Job Creation Program
Kakinada,Agriculture,2023,37183.0,420.0,5.838217929381612,383,Medium,135.52051530340276,Job Creation Program
Guntur,Manufacturing,2021,23975.0,619.0,4.544485962746361,182,Medium,498.13036810939997,Job Creation Program
Guntur,Technology,2023,24075.0,457.0,11.916457612374614,73,Medium,1031.458211288552,Increase Investment
Kakinada,Agriculture,2015,46953.0,292.0,5.625574973287302,403,Low,588.4266789219989,Job Creation Program
Visakhapatnam,Technology,2019,1337.0,910.0,17.03750555654048,254,High,611.0413005645183,Increase Investment
Visakhapatnam,Manufacturing,2017,24323.0,905.0,-3.6992538262538743,331,Low,175.52175287240243,Job Creation Program
Nellore,Technology,2023,19043.0,928.0,7.09225065661964,333,Medium,800.8160860934303,Job Creation Program
Kakinada,Technology,2018,27902.0,553.0,9.887605382152568,82,Medium,992.6784577633038,Job Creation Program
Vijayawada,Manufacturing,2017,23027.0,530.0,-3.387184731549154,348,Low,401.0479209227895,Job Creation Program
Kakinada,Manufacturing,2019,24549.0,598.0,8.032169762479736,22,Medium,785.0323751796288,Job Creation Program
Guntur,Agriculture,2022,26490.0,173.0,-5.715890867612846,215,High,818.1115087990298,Job Creation Program
Visakhapatnam,Healthcare,2021,10009.0,959.0,1.1518535569207113,382,Medium,658.0462756108697,Job Creation Program
Kakinada,Technology,2014,47116.0,169.0,-3.433196632450853,127,Low,814.197897691158,Job Creation Program
Guntur,Manufacturing,2016,29433.0,61.0,9.048853562746716,358,Low,111.5198006732755,Job Creation Program
Visakhapatnam,Technology,2023,4678.0,869.0,9.800620413193055,412,High,548.1673913906477,Job Creation Program
Kakinada,Manufacturing,2017,22103.0,754.0,10.172217043680188,332,Low,620.6985165093486,Increase Investment
Kakinada,Energy,2022,1860.0,340.0,3.4032620120786383,248,Medium,974.5710908410674,Job Creation Program
Guntur,Energy,2014,24304.0,952.0,-0.1862136161325143,92,Medium,587.2272463744184,Job Creation Program
Nellore,Healthcare,2022,31541.0,425.0,-0.9595837973805459,30,Medium,231.92176886113268,Job Creation Program
Guntur,Energy,2018,44781.0,131.0,18.40216839781816,316,Medium,219.10684060114178,Increase Investment
Vijayawada,Technology,2018,2691.0,108.0,1.894219034151786,133,Medium,895.0457565568839,Job Creation Program
Guntur,Healthcare,2016,32240.0,768.0,15.381048526739026,462,High,548.1264526853557,Increase Investment
Vijayawada,Healthcare,2022,47323.0,894.0,3.35459605938674,456,Low,925.9900887709175,Job Creation Program
Guntur,Energy,2020,37060.0,810.0,0.20669553168922583,466,High,137.67423380668274,Job Creation Program
Visakhapatnam,Manufacturing,2016,48259.0,,0.4046333094666945,305,Low,455.5578382414468,Job Creation Program
Nellore,Healthcare,2019,7713.0,717.0,15.383853353759143,471,Low,571.3022285464531,Increase Investment
Visakhapatnam,Agriculture,2014,6161.0,632.0,-3.9209578051139804,81,Medium,947.2195466716796,Job Creation Program
Kakinada,Energy,2018,36605.0,,-0.8609682422799754,237,Low,825.6103388033274,Job Creation Program
Kakinada,Energy,2022,13965.0,303.0,19.52041456238259,76,High,254.14685612401925,Increase Investment
Nellore,Energy,2019,18622.0,288.0,-0.12139325382783817,239,Low,773.6503874289758,Job Creation Program
Vijayawada,Energy,2018,14767.0,825.0,2.7356757799822704,348,Low,480.5693251848537,Job Creation Program
Guntur,Technology,2017,48398.0,694.0,-4.043396375267467,165,Medium,966.9388291556438,Job Creation Program
Nellore,Technology,2020,31427.0,501.0,18.43453866413581,351,Medium,1032.3570387073205,Increase Investment
Nellore,Energy,2019,49215.0,249.0,18.920650943732014,498,Medium,169.11242084989271,Increase Investment
Visakhapatnam,Energy,2022,28167.0,930.0,8.998510975916908,434,Low,539.6861520760273,Job Creation Program
Kakinada,Healthcare,2014,12704.0,58.0,4.427079347124703,357,Medium,473.56770602133236,Job Creation Program
Visakhapatnam,Agriculture,2018,2547.0,,-6.377278989845674,377,Medium,640.7877708367668,Job Creation Program
Visakhapatnam,Healthcare,2014,47342.0,320.0,12.791679424641966,114,Medium,794.9333741588543,Increase Investment
Guntur,Agriculture,2022,31635.0,148.0,-4.530482943432659,223,High,833.2948852437197,Job Creation Program
Kakinada,Technology,2022,5834.0,842.0,17.812253364551204,168,High,989.9791733295211,Increase Investment
Nellore,Energy,2015,36375.0,914.0,15.367543976666365,271,Low,819.4593519467305,Increase Investment
Nellore,Healthcare,2015,34481.0,133.0,2.54393893125577,62,High,598.3834387785702,Job Creation Program
Guntur,Energy,2019,19190.0,507.0,2.565140522717595,187,Low,441.0052624501782,Job Creation Program
Guntur,Agriculture,2021,16841.0,98.0,0.1399052608951603,264,Medium,184.13710715567726,Job Creation Program
Visakhapatnam,Healthcare,2018,20589.0,739.0,18.854768258369642,237,High,1018.3367374293516,Increase Investment
Kakinada,Manufacturing,2017,5659.0,352.0,12.086828494343639,315,Low,183.5456363000896,Increase Investment
Kakinada,Technology,2014,32531.0,163.0,14.013574616395168,53,Low,667.8421266247241,Increase Investment
Guntur,Manufacturing,2014,26114.0,738.0,11.493610706736511,421,Medium,494.82284701571547,Increase Investment
Vijayawada,Healthcare,2018,32391.0,478.0,1.2533489287311061,178,Medium,158.9910078793347,Job Creation Program
Kakinada,Manufacturing,2018,1247.0,176.0,4.370842464428986,479,Medium,200.69268273739502,Job Creation Program
Vijayawada,Agriculture,2019,1876.0,577.0,10.761925717165607,169,Low,250.09631138804554,Increase Investment
Kakinada,Agriculture,2022,28610.0,607.0,1.4468513043108011,238,High,920.7823874171665,Job Creation Program
Visakhapatnam,Energy,2021,15141.0,508.0,18.942585331082405,366,Medium,535.2283334818986,Increase Investment
Vijayawada,Healthcare,2017,45358.0,82.0,-4.042319450213726,233,Medium,727.6852980508247,Job Creation Program
Vijayawada,Manufacturing,2016,,,-2.3728601206889284,404,Low,231.75270567190213,Job Creation Program
Nellore,Agriculture,2020,2797.0,904.0,-0.26672332141943933,11,Medium,958.5888211743683,Job Creation Program
Vijayawada,Manufacturing,2014,45659.0,93.0,-2.8248308172342207,228,Medium,354.3729073399722,Job Creation Program
Kakinada,Energy,2020,22529.0,224.0,7.6868588665851885,431,Medium,462.2185638611508,Job Creation Program
Kakinada,Agriculture,2019,33098.0,181.0,14.308183772429249,361,Medium,706.897812628097,Increase Investment
Nellore,Energy,2023,22604.0,986.0,15.138171560125834,421,Low,1127.2623715828408,Increase Investment
Vijayawada,Energy,2017,47000.0,859.0,12.445077122631965,298,Medium,1071.9032124834087,Increase Investment
Visakhapatnam,Healthcare,2023,6322.0,81.0,6.352338615108312,461,High,198.14539427823775,Job Creation Program
Nellore,Agriculture,2018,23847.0,68.0,13.677208118817376,145,High,404.3005015207958,Increase Investment
Vijayawada,Manufacturing,2022,10787.0,788.0,10.66825216721963,47,Low,948.0658270776906,Increase Investment
Kakinada,Manufacturing,2016,4135.0,206.0,4.9017963479172515,158,High,472.0977004767095,Job Creation Program
Nellore,Agriculture,2017,,426.0,-1.4334334077215782,395,Low,609.8935736831061,Job Creation Program
Vijayawada,Agriculture,2022,34447.0,,11.738152082933247,307,Low,456.544030081781,Increase Investment
Vijayawada,Energy,2022,31087.0,861.0,5.85028528276572,221,High,834.3709562846128,Job Creation Program
Kakinada,Technology,2017,11047.0,202.0,9.504694082613309,317,Low,647.1994820468789,Job Creation Program
Nellore,Healthcare,2021,23501.0,811.0,10.773191162461526,82,Low,971.370580327563,Increase Investment
Guntur,Manufacturing,2018,25440.0,667.0,15.915975435174161,166,Low,601.1595561526117,Increase Investment
Nellore,Healthcare,2015,35058.0,916.0,14.377685712649257,64,High,1065.6996011278673,Increase Investment
Vijayawada,Technology,2018,35898.0,91.0,19.0437872959477,462,High,400.3298464393124,Increase Investment
Kakinada,Technology,2022,42614.0,986.0,9.539693324017241,446,High,854.06137617481,Job Creation Program
Vijayawada,Agriculture,2014,17411.0,315.0,-3.0953427518610264,459,Medium,852.2496703316377,Job Creation Program
Guntur,Manufacturing,2019,21930.0,231.0,12.544394262188824,102,High,330.9775507456562,Increase Investment
Guntur,Technology,2023,35747.0,67.0,-1.4737269732440867,410,Low,644.0126029279264,Job Creation Program
Nellore,Healthcare,2022,13596.0,157.0,0.5943142271301651,237,High,933.9330733365944,Job Creation Program
Vijayawada,Healthcare,2014,36126.0,832.0,13.574478362223921,280,Low,618.939659973703,Increase Investment
Vijayawada,Technology,2022,24184.0,,-0.24312269415776377,427,Low,801.6919999054312,Job Creation Program
Vijayawada,Energy,2017,16491.0,431.0,12.548844433214661,189,High,563.0855195071551,Increase Investment
Kakinada,Agriculture,2021,48905.0,254.0,13.3407361008266,440,Low,173.88546969609956,Increase Investment
Kakinada,Agriculture,2022,41134.0,125.0,-7.829885657134119,155,Low,964.2126429285823,Job Creation Program
Visakhapatnam,Agriculture,2016,36840.0,426.0,-5.686707482822284,297,High,484.7746261231771,Job Creation Program
Guntur,Manufacturing,2015,1002.0,143.0,17.6396146149351,416,Medium,618.2246488993571,Increase Investment
Visakhapatnam,Manufacturing,2018,38804.0,255.0,-2.2555526235652,355,High,757.2483408099088,Job Creation Program
Vijayawada,Energy,2015,48818.0,51.0,2.627803491960231,240,Medium,729.3401797808997,Job Creation Program
Visakhapatnam,Technology,2016,25556.0,71.0,-0.4781490444647112,421,Medium,934.66051417843,Job Creation Program
Visakhapatnam,Technology,2021,,852.0,-0.6849192689717576,338,Low,547.1644878283606,Job Creation Program
Nellore,Technology,2015,21002.0,630.0,7.623878139807518,148,Low,958.0304322807874,Job Creation Program
Guntur,Energy,2015,6588.0,269.0,-4.347917832881954,110,Medium,721.3041010295475,Job Creation Program
Vijayawada,Energy,2016,40757.0,718.0,14.72999391996461,286,Medium,949.7613563453459,Increase Investment
Visakhapatnam,Energy,2016,26530.0,685.0,9.647103251302726,124,Medium,621.0826572714236,Job Creation Program
Nellore,Technology,2020,26551.0,585.0,13.81954107402137,297,High,544.844315283025,Increase Investment
Kakinada,Manufacturing,2018,24245.0,81.0,17.817852159843714,260,Medium,468.4324602494734,Increase Investment
Visakhapatnam,Manufacturing,2015,,181.0,3.588323614537291,407,Low,601.4948657423125,Job Creation Program
Visakhapatnam,Energy,2018,23716.0,712.0,10.624666256908451,109,Medium,843.6476237491881,Increase Investment
Vijayawada,Agriculture,2022,49036.0,319.0,15.218573917064809,39,Low,848.1368126988592,Job Creation Program
Vijayawada,Technology,2023,40875.0,221.0,1.1942957225542106,222,Low,333.6393935468448,Job Creation Program
Vijayawada,Technology,2023,39402.0,329.0,13.109429200035578,171,High,407.7825055170293,Job Creation Program
Visakhapatnam,Technology,2023,35555.0,586.0,8.218525288494481,12,High,577.1605581905776,Job Creation Program
Visakhapatnam,Healthcare,2022,48865.0,344.0,-2.262345486995902,175,High,911.2175315247341,Job Creation Program
Guntur,Energy,2015,,388.0,13.587465477910822,403,Medium,300.71936605429397,Increase Investment
Vijayawada,Energy,2016,38352.0,975.0,5.7957248991309065,464,Medium,568.5083177665264,Job Creation Program
Nellore,Manufacturing,2018,6362.0,979.0,13.331892395849422,489,Low,499.51922655536583,Increase Investment
Visakhapatnam,Healthcare,2019,16141.0,178.0,4.381621893389646,40,Low,467.7992869702336,Job Creation Program
Nellore,Agriculture,2014,12737.0,110.0,9.463886497788462,120,Low,250.41027514756732,Job Creation Program
Vijayawada,Agriculture,2019,1286.0,225.0,4.636207287115575,52,Medium,925.43146639601,Job Creation Program
Visakhapatnam,Energy,2018,39474.0,467.0,4.186490828261951,475,High,356.5509121679833,Job Creation Program
Visakhapatnam,Healthcare,2019,44725.0,780.0,0.5066538295947094,204,Low,447.95189987083876,Job Creation Program
Visakhapatnam,Energy,2015,15708.0,411.0,17.809415343267954,201,Low,471.1966970608313,Increase Investment
Guntur,Energy,2022,12346.0,383.0,19.534693419621366,421,Medium,647.8178757971498,Increase Investment
Kakinada,Energy,2014,27549.0,928.0,11.629959250729577,31,Low,754.9260218467705,Increase Investment
Guntur,Technology,2015,44051.0,783.0,13.453657111684745,45,High,234.34213518449155,Increase Investment
Nellore,Energy,2021,48888.0,770.0,-2.184181989712956,33,Medium,819.1817986792103,Job Creation Program
Nellore,Agriculture,2019,44945.0,948.0,-5.7274051205868,445,Low,101.70419945683713,Job Creation Program
Kakinada,Energy,2020,42300.0,390.0,19.292918476651284,191,Low,438.24238205894,Increase Investment
Guntur,Manufacturing,2023,13374.0,859.0,4.861936024552968,217,Medium,225.76403045090998,Job Creation Program
Nellore,Agriculture,2015,23670.0,818.0,4.692804911397916,59,High,361.38714417523494,Job Creation Program
Guntur,Technology,2022,19470.0,554.0,1.6112487689774593,34,Low,449.9263181801351,Job Creation Program
Nellore,Energy,2017,31587.0,672.0,0.5024846918887729,307,Low,406.3766971294925,Job Creation Program
Visakhapatnam,Energy,2021,42478.0,271.0,-0.6449622830879278,360,Medium,943.2521522128317,Job Creation Program
Kakinada,Energy,2018,,705.0,18.250476470487396,25,Medium,988.6658591169362,Increase Investment
Kakinada,Technology,2016,1260.0,288.0,9.592414570085388,341,High,394.62615396184594,Job Creation Program
Kakinada,Technology,2015,8426.0,,16.790887598070164,129,Low,660.391085315335,Increase Investment
Vijayawada,Manufacturing,2020,19788.0,203.0,9.055954820960679,495,Medium,183.38358828655018,Job Creation Program
Visakhapatnam,Technology,2018,28172.0,298.0,2.3628063859441735,408,High,577.0411630301137,Job Creation Program
Guntur,Manufacturing,2020,23773.0,107.0,11.634786794153673,469,Low,413.4492218697444,Increase Investment
Vijayawada,Technology,2023,38719.0,,5.6178419169179925,206,High,840.0548507857964,Job Creation Program
Kakinada,Technology,2015,9112.0,784.0,19.06163834391065,134,Medium,301.4432446162595,Increase Investment
Vijayawada,Healthcare,2015,2903.0,578.0,4.356584541210289,16,High,346.18105864819546,Job Creation Program
Kakinada,Agriculture,2020,7455.0,486.0,3.7922761527108886,52,Medium,871.4304621021749,Job Creation Program
Visakhapatnam,Agriculture,2022,18083.0,163.0,-4.56239833148884,72,Low,252.5632907196732,Job Creation Program
Nellore,Healthcare,2021,30917.0,330.0,2.2144760154442906,163,Low,145.30777085096616,Job Creation Program
Visakhapatnam,Healthcare,2014,2195.0,833.0,4.472039235048884,280,High,690.2520868279572,Job Creation Program
Vijayawada,Agriculture,2019,35345.0,654.0,-8.729197536646918,365,Low,469.91104811032915,Job Creation Program
Visakhapatnam,Manufacturing,2015,12780.0,686.0,0.16914648584251601,96,High,265.16034489287966,Job Creation Program
Nellore,Energy,2021,13164.0,586.0,4.999403727178551,390,Low,133.2965058412663,Job Creation Program
Guntur,Energy,2019,44362.0,885.0,10.48423207729875,202,High,463.78545388409395,Increase Investment
Kakinada,Manufacturing,2021,27361.0,761.0,-17.38438554675869,254,Medium,151.9262064972916,Job Creation Program
Vijayawada,Technology,2017,21098.0,56.0,1.515662833426891,201,Low,409.84877118671903,Job Creation Program
Visakhapatnam,Manufacturing,2014,46198.0,758.0,-3.418649228142691,190,High,544.0866388506784,Job Creation Program
Kakinada,Technology,2020,22245.0,,14.367874450279778,168,Medium,886.1839372251399,Increase Investment
Nellore,Energy,2019,27300.0,702.0,78.39282017016178,475,Low,517.5793993986339,Increase Investment
Visakhapatnam,Agriculture,2016,29952.0,965.0,4.7671536595563015,333,High,884.0030328147183,Job Creation Program
Guntur,Manufacturing,2017,18711.0,836.0,-0.8298169935106801,222,Medium,910.0627299342507,Job Creation Program
Nellore,Healthcare,2018,31171.0,211.0,3.4197528960340158,98,High,268.21567861063176,Job Creation Program
Kakinada,Healthcare,2023,32379.0,280.0,3.3177895483093476,198,Low,832.2898107352662,Job Creation Program
Vijayawada,Manufacturing,2017,44773.0,495.0,16.18093843638995,485,Medium,416.09564526013025,Increase Investment
Kakinada,Manufacturing,2014,8859.0,,12.028223783107581,431,High,810.9220534368303,Increase Investment
Kakinada,Healthcare,2016,5209.0,901.0,8.201609140214357,348,Low,786.8964983533314,Job Creation Program
Nellore,Energy,2021,16212.0,216.0,1.5021284034111586,190,Medium,491.2445973513681,Job Creation Program
Kakinada,Agriculture,2014,22555.0,339.0,-5.479366721190654,286,High,360.4249468151637,Job Creation Program
Vijayawada,Energy,2019,32411.0,510.0,5.215203497992597,380,Medium,533.5975378397623,Job Creation Program
Kakinada,Manufacturing,2018,38488.0,159.0,19.059508180675977,269,Low,871.3046180072748,Increase Investment
Kakinada,Energy,2014,,860.0,22.61114363601356,422,High,744.6139588174292,Job Creation Program
Kakinada,Energy,2022,11356.0,411.0,16.954585247017416,453,High,785.6833453652416,Increase Investment
Guntur,Technology,2020,13682.0,297.0,0.26969084885959305,405,Low,755.8009818211129,Job Creation Program
Nellore,Agriculture,2018,47618.0,904.0,7.479584374757383,276,Low,386.61544274780675,Job Creation Program
Nellore,Energy,2020,49302.0,840.0,18.620426788750176,218,High,786.4115850255015,Increase Investment
Kakinada,Agriculture,2022,6168.0,960.0,-0.9412095322633043,70,High,232.96438849027228,Job Creation Program
Nellore,Healthcare,2016,19244.0,816.0,3.6507627398632927,443,Low,494.79022395728447,Job Creation Program
Visakhapatnam,Manufacturing,2015,45002.0,887.0,11.720439849004144,167,Medium,602.9603014606668,Increase Investment
Nellore,Manufacturing,2021,13493.0,267.0,11.485964027902593,445,High,451.6675239544999,Increase Investment
Kakinada,Manufacturing,2019,,,-4.010406761852551,452,High,436.6490258841656,Job Creation Program
Nellore,Agriculture,2022,29994.0,317.0,11.103500051629993,375,High,294.19809516366706,Increase Investment
Nellore,Energy,2014,49855.0,514.0,18.666400772146115,243,High,545.945299968831,Increase Investment
Vijayawada,Energy,2023,18259.0,576.0,4.368300336328037,327,High,569.1614099372495,Job Creation Program
Guntur,Healthcare,2018,17958.0,484.0,17.673650078716598,477,Low,607.5404663809884,Increase Investment
Visakhapatnam,Energy,2017,37081.0,769.0,15.026319369320717,266,High,577.5523959500763,Increase Investment
Guntur,Manufacturing,2023,6477.0,,14.929194305634343,114,Medium,944.4105127820997,Increase Investment
Vijayawada,Energy,2019,42406.0,832.0,4.604413880110435,441,Medium,774.3087234825189,Job Creation Program
Kakinada,Healthcare,2022,31585.0,473.0,4.2186196079165015,404,Medium,375.95407074544505,Job Creation Program
Kakinada,Technology,2020,9280.0,251.0,18.01116559739464,490,Low,701.2080256494605,Increase Investment
Kakinada,Energy,2021,47465.0,716.0,6.415425834993057,400,Low,196.93444897855028,Job Creation Program
Vijayawada,Manufacturing,2020,35250.0,547.0,-3.4418624403980673,265,High,101.17301245102257,Job Creation Program
Kakinada,Agriculture,2017,18225.0,834.0,-1.8596373218134392,482,Low,942.4906247360759,Job Creation Program
Vijayawada,Manufacturing,2018,26941.0,282.0,1.5347170200256377,237,High,625.3279019964723,Job Creation Program
Kakinada,Healthcare,2017,13885.0,206.0,4.6312679590480474,72,High,663.540411995639,Job Creation Program
Visakhapatnam,Energy,2021,,411.0,4.290690460960052,213,Medium,919.6347377945458,Job Creation Program
Visakhapatnam,Technology,2014,14639.0,159.0,6.563090785264757,138,Low,980.435314348571,Job Creation Program
Kakinada,Agriculture,2017,2527.0,934.0,10.998520428672844,255,Medium,786.7261808038044,Increase Investment
Vijayawada,Technology,2016,21634.0,923.0,17.98487103021696,492,Low,1033.0003596089025,Increase Investment
Visakhapatnam,Technology,2020,29965.0,694.0,14.383224523835644,301,Low,829.8195781954194,Increase Investment
Guntur,Healthcare,2021,21614.0,987.0,12.451884218289663,487,Medium,836.900097234519,Increase Investment
Guntur,Agriculture,2023,46609.0,982.0,12.821846074411585,472,Low,611.9105284507218,Increase Investment
Nellore,Agriculture,2014,9809.0,829.0,2.1257048734909585,137,Low,779.62209340124,Job Creation Program
Visakhapatnam,Manufacturing,2019,18305.0,70.0,17.60702091655015,496,Low,409.3249146415851,Increase Investment
Nellore,Agriculture,2021,49009.0,603.0,-4.251065392325365,130,High,512.366075684278,Job Creation Program
Guntur,Energy,2022,8099.0,73.0,15.89607562170388,67,Low,748.6041352038438,Increase Investment
Kakinada,Energy,2018,1051.0,292.0,5.750589683625245,429,Low,932.7917218761858,Job Creation Program
Nellore,Healthcare,2018,30200.0,529.0,-3.634342780837886,486,Low,510.77432668936757,Job Creation Program
Nellore,Technology,2017,13631.0,480.0,5.422674130586914,60,High,587.0288358268172,Job Creation Program
Kakinada,Manufacturing,2021,39351.0,926.0,15.435785230346742,416,Medium,994.9353712330109,Increase Investment
Kakinada,Agriculture,2017,,322.0,13.478980813877982,330,Low,275.4023182206871,Increase Investment
Kakinada,Technology,2020,7614.0,513.0,6.1490278994045795,334,High,686.5445131239455,Job Creation Program
Visakhapatnam,Manufacturing,2023,43040.0,881.0,15.329616754989893,317,High,994.053923611461,Increase Investment
Nellore,Healthcare,2023,18453.0,,9.30236516820434,311,Low,823.7209801119375,Job Creation Program
Guntur,Agriculture,2022,6177.0,433.0,4.193319499525481,439,Medium,143.15707343294534,Job Creation Program
Visakhapatnam,Manufacturing,2016,8961.0,481.0,-1.0189401497526824,149,High,918.0988978796896,Job Creation Program
Guntur,Healthcare,2016,,252.0,0.96560609365992,452,Medium,934.433327356023,Job Creation Program
Kakinada,Energy,2018,31432.0,152.0,-4.859034412490311,413,Medium,848.6142676930148,Job Creation Program
Kakinada,Agriculture,2014,5025.0,557.0,4.389943719169885,143,Low,216.45198651577627,Job Creation Program
Guntur,Manufacturing,2019,17590.0,294.0,5.331829434471725,170,Low,408.6755785373469,Job Creation Program
Vijayawada,Energy,2015,29365.0,982.0,6.497723048879019,100,Low,888.807640339992,Job Creation Program
Nellore,Manufacturing,2023,1076.0,379.0,17.383179498597777,386,Low,341.88225029968555,Increase Investment
Guntur,Technology,2018,1397.0,379.0,9.633263547251552,411,Low,898.5100688440834,Job Creation Program
Guntur,Manufacturing,2021,49998.0,558.0,8.594432720997135,114,Medium,322.956934583164,Job Creation Program
Nellore,Healthcare,2021,,146.0,17.474776401302346,56,High,181.51317354590142,Increase Investment
Vijayawada,Technology,2019,3886.0,82.0,18.469290275359743,266,Medium,227.144818025795,Increase Investment
Guntur,Manufacturing,2016,42684.0,370.0,-4.768651994575913,364,Low,151.35598762006913,Job Creation Program
Nellore,Energy,2016,20806.0,895.0,0.5952481273882668,174,Low,700.327470740125,Job Creation Program
Vijayawada,Technology,2018,44179.0,67.0,6.166693111535386,392,Low,826.1316843847287,Job Creation Program
Vijayawada,Healthcare,2016,22831.0,390.0,9.353052344350548,230,Low,217.47690414296713,Job Creation Program
Vijayawada,Technology,2023,,431.0,2.0617307581874513,456,Low,732.8860595677879,Job Creation Program
Visakhapatnam,Healthcare,2023,37158.0,746.0,13.459804132153572,189,High,717.4101388258657,Increase Investment
Guntur,Healthcare,2016,14014.0,365.0,4.607940886459293,44,High,673.8189842355764,Job Creation Program
Visakhapatnam,Healthcare,2020,1976.0,145.0,1.9404320443245346,124,Medium,234.81362646427058,Job Creation Program
Nellore,Energy,2023,10363.0,748.0,16.654448041126308,242,High,1104.5752713476247,Increase Investment
Guntur,Manufacturing,2016,43268.0,982.0,6.761157846840778,254,Medium,893.3945700559764,Job Creation Program
Guntur,Healthcare,2019,14269.0,599.0,11.381729369940942,373,Medium,371.1765589259462,Increase Investment
Vijayawada,Healthcare,2017,8825.0,568.0,-2.261584875565718,455,Low,614.1541979067867,Job Creation Program
Kakinada,Technology,2022,16322.0,651.0,6.208408536454515,339,Medium,520.4167395723189,Job Creation Program
Vijayawada,Agriculture,2021,25795.0,508.0,-5.135097679411359,188,Low,634.9137037885903,Job Creation Program
Kakinada,Manufacturing,2014,26604.0,,14.01674095418889,343,High,189.4121535125541,Increase Investment
Kakinada,Manufacturing,2021,18218.0,302.0,5.600761139932175,39,High,881.9142986425952,Job Creation Program
Nellore,Manufacturing,2022,,270.0,14.93249145454984,245,Low,670.3177269272845,Increase Investment
Guntur,Technology,2022,38890.0,947.0,8.126330195039165,263,Medium,532.9563469470208,Job Creation Program
Nellore,Energy,2014,44924.0,,7.154111643709923,453,High,350.7163490334258,Job Creation Program
Nellore,Healthcare,2018,19492.0,628.0,3.3865478535288975,460,High,959.2675205201615,Job Creation Program
Kakinada,Healthcare,2015,14684.0,174.0,9.080876721879495,215,Medium,661.8007254960703,Job Creation Program
Kakinada,Technology,2023,2676.0,,5.768921209024709,161,Low,755.767150524646,Job Creation Program
Kakinada,Technology,2021,39020.0,210.0,1.9499358504984485,270,High,472.09486528604674,Job Creation Program
Vijayawada,Healthcare,2023,42505.0,189.0,12.777778351264363,371,Medium,160.15000108388966,Increase Investment
Kakinada,Healthcare,2021,23674.0,393.0,18.51398151892112,49,Medium,635.75994736936,Increase Investment
Nellore,Healthcare,2018,15048.0,777.0,16.43336612307192,108,Low,490.6872547762688,Increase Investment
Nellore,Technology,2020,46820.0,98.0,12.313578455150925,214,Low,520.067306886048,Increase Investment
Nellore,Energy,2023,30590.0,367.0,18.88589614484154,123,High,222.31123885156845,Increase Investment
Visakhapatnam,Energy,2015,38705.0,678.0,0.58634530460633,221,High,361.9754211652309,Job Creation Program
Vijayawada,Technology,2019,33567.0,372.0,14.25225953511935,356,Medium,344.018405470644,Increase Investment
Guntur,Agriculture,2019,12243.0,182.0,-3.016724536741485,356,Low,157.50956134313049,Job Creation Program
Visakhapatnam,Technology,2018,23807.0,,-0.07341164889209484,247,Medium,815.6527629007404,Job Creation Program
Vijayawada,Energy,2023,16375.0,815.0,-3.092661417152169,345,High,696.7948094502099,Job Creation Program
Guntur,Technology,2018,19507.0,296.0,-0.09953386737854686,322,Medium,690.7053797525595,Job Creation Program
Visakhapatnam,Technology,2020,38787.0,341.0,-2.6277706190187224,365,Medium,567.0393021891462,Job Creation Program
Vijayawada,Energy,2023,43273.0,426.0,2.408256277296413,425,Medium,688.2591717412827,Job Creation Program
Nellore,Energy,2017,47687.0,,8.86865759579814,369,High,355.2766948245445,Job Creation Program
Vijayawada,Manufacturing,2019,22337.0,936.0,-3.2863550224792046,328,Low,349.2397169895946,Job Creation Program
Kakinada,Energy,2016,1166.0,,-1.4623674774933715,240,High,928.1311661980583,Job Creation Program
Guntur,Healthcare,2020,26548.0,771.0,5.334084898598617,146,Medium,721.1257945681954,Job Creation Program
Guntur,Energy,2015,46783.0,265.0,-2.2807942111555857,36,Medium,246.9558953404377,Job Creation Program
Visakhapatnam,Energy,2016,12769.0,59.0,6.806599100092871,71,High,877.0158934690548,Job Creation Program
Visakhapatnam,Energy,2019,13304.0,418.0,5.351548505333536,405,Medium,704.3694727522942,Job Creation Program
Vijayawada,Manufacturing,2017,48931.0,222.0,9.368341288471559,368,Low,616.7977176604069,Job Creation Program
Kakinada,Agriculture,2018,3406.0,284.0,1.823002921544484,214,High,781.1773282971864,Job Creation Program
Vijayawada,Healthcare,2016,36657.0,694.0,14.737229420591007,329,High,578.2763721789016,Increase Investment
Visakhapatnam,Agriculture,2014,5312.0,245.0,5.848459004878116,216,Low,703.3287245619514,Job Creation Program
Kakinada,Technology,2018,49500.0,698.0,19.29605228691975,217,Low,635.6864449626999,Increase Investment
Vijayawada,Manufacturing,2021,4374.0,679.0,3.507620489949538,157,Medium,272.8167431267574,Job Creation Program
Vijayawada,Energy,2016,38948.0,585.0,-2.743967058314571,404,High,340.94779270885977,Job Creation Program
Guntur,Healthcare,2023,33347.0,584.0,10.851169186731221,407,Medium,1029.3708280505102,Increase Investment
Nellore,Technology,2015,22782.0,762.0,12.382641940057411,301,High,1071.3557315832375,Increase Investment
Guntur,Energy,2017,37880.0,767.0,14.4761217549358,308,High,303.0318538603576,Increase Investment
Nellore,Technology,2015,11567.0,830.0,14.006781085070841,449,High,759.256283006088,Increase Investment
Guntur,Manufacturing,2018,22350.0,419.0,18.140236208923437,137,High,331.0075897153892,Increase Investment
Vijayawada,Energy,2018,31225.0,,14.629525518081927,391,Low,281.7163199752128,Increase Investment
Kakinada,Technology,2019,33571.0,958.0,17.47214384655363,359,Medium,590.3831380499838,Increase Investment
Visakhapatnam,Technology,2018,22180.0,555.0,4.016528104579653,415,Low,142.29173098041707,Job Creation Program
Nellore,Healthcare,2015,44479.0,201.0,2.9115618581910656,133,Low,906.852239334964,Job Creation Program
Guntur,Technology,2018,9985.0,614.0,19.03311795290542,274,Low,600.8633442308393,Increase Investment
Nellore,Agriculture,2016,14208.0,526.0,9.288953945382158,324,Low,611.8598977527101,Job Creation Program
Kakinada,Technology,2018,20092.0,293.0,-2.909663274211842,378,Medium,321.4746866065593,Job Creation Program
Visakhapatnam,Energy,2018,39343.0,561.0,8.688608022357428,451,Low,730.7430910054252,Job Creation Program
Guntur,Agriculture,2015,15089.0,238.0,-8.037056844704429,386,Medium,651.8718047096035,Job Creation Program
Nellore,Energy,2017,1751.0,999.0,16.60176257863672,234,Medium,561.8516081605808,Increase Investment
Kakinada,Healthcare,2016,21620.0,253.0,18.165533714298057,139,Low,989.9588002971741,Increase Investment
Visakhapatnam,Agriculture,2017,27796.0,179.0,11.368003410264834,66,High,176.34872610437407,Increase Investment
Guntur,Energy,2019,39890.0,821.0,4.496365719061304,402,Low,1016.9151625534932,Job Creation Program
Vijayawada,Manufacturing,2017,14754.0,148.0,5.257888786847241,242,Low,735.7816754045339,Job Creation Program
Guntur,Energy,2020,7462.0,242.0,12.615995486017994,98,High,1016.5307090761636,Increase Investment
Vijayawada,Manufacturing,2016,9119.0,271.0,1.0325410563740993,385,Medium,781.7981862627738,Job Creation Program
Guntur,Agriculture,2017,40176.0,921.0,11.779564885500076,310,Medium,572.4897925954557,Increase Investment
Guntur,Agriculture,2021,1841.0,349.0,-0.21991395713936868,382,Low,829.2325002895836,Job Creation Program
Kakinada,Manufacturing,2021,39398.0,592.0,10.390377734719715,404,Low,736.5110361895407,Increase Investment
Vijayawada,Technology,2019,8413.0,189.0,7.83481005314192,114,Low,961.8077910004382,Job Creation Program
Kakinada,Agriculture,2017,8575.0,259.0,2.455593506705668,455,Medium,888.3599871823677,Job Creation Program
Guntur,Healthcare,2020,44869.0,480.0,16.713604187289068,325,Low,256.22530009898753,Increase Investment
Guntur,Energy,2019,49020.0,585.0,0.2800622837262363,18,Medium,232.6383643597985,Job Creation Program
Vijayawada,Energy,2023,24149.0,938.0,4.9152585513850084,401,High,617.1051252119914,Job Creation Program
Kakinada,Agriculture,2020,17846.0,746.0,-6.647921445048826,302,High,275.40650601993576,Job Creation Program
Nellore,Agriculture,2017,49241.0,728.0,-0.16945602989409636,445,Medium,181.76636010237098,Job Creation Program
Nellore,Technology,2014,2494.0,358.0,2.97054740265147,326,Low,493.63455970149226,Job Creation Program
Kakinada,Manufacturing,2018,20305.0,535.0,4.836768604084794,303,Low,1007.8767120318537,Job Creation Program
Guntur,Healthcare,2023,33872.0,768.0,-1.1198305205179153,337,High,631.3997016024224,Job Creation Program
Nellore,Technology,2023,29991.0,,9.9386093631805,301,Low,840.3419591113108,Job Creation Program
Visakhapatnam,Agriculture,2014,5728.0,604.0,1.436674807572759,62,Low,914.6775158377395,Job Creation Program
Vijayawada,Technology,2014,41041.0,602.0,-2.1372803521935446,220,Medium,519.1335722797949,Job Creation Program
Guntur,Manufacturing,2016,19033.0,322.0,17.580590624273402,198,Medium,398.60950181016034,Increase Investment
Vijayawada,Energy,2022,17949.0,533.0,-1.686397371873106,398,High,611.0115020079163,Job Creation Program
Visakhapatnam,Energy,2018,12159.0,752.0,-3.948353819620749,373,Low,161.30837927645197,Job Creation Program
Vijayawada,Healthcare,2014,40884.0,997.0,6.456637059920208,364,High,898.3726714874044,Job Creation Program
Kakinada,Energy,2014,43331.0,,11.540287412709809,135,Low,733.5941045535993,Increase Investment
Vijayawada,Energy,2022,30990.0,257.0,6.130303051646468,486,Medium,183.75487884273142,Job Creation Program
Vijayawada,Manufacturing,2017,15907.0,859.0,-0.4840862263116872,212,High,753.8416993159826,Job Creation Program
Kakinada,Energy,2016,3801.0,209.0,9.08472326492078,19,Low,358.9870716236844,Job Creation Program
Vijayawada,Manufacturing,2022,45875.0,322.0,19.31222721298877,409,High,495.18537162582385,Increase Investment
Visakhapatnam,Agriculture,2017,23169.0,808.0,-7.20617490700843,253,Low,269.7741067513719,Job Creation Program
Vijayawada,Healthcare,2023,7058.0,339.0,3.0280508264534785,268,High,927.2650923016773,Job Creation Program
Visakhapatnam,Agriculture,2016,35880.0,212.0,7.924971452077969,48,High,780.8009394784053,Job Creation Program
Vijayawada,Healthcare,2014,42864.0,213.0,7.2479027901123665,499,Low,220.43803294293934,Job Creation Program
Guntur,Healthcare,2016,45230.0,796.0,-2.3336820643017493,18,Low,500.42389076815806,Job Creation Program
Visakhapatnam,Agriculture,2017,37274.0,752.0,-7.257220778498379,438,Medium,710.4256997456922,Job Creation Program
Guntur,Agriculture,2022,8190.0,,-1.0387638216609094,357,Low,859.1593605910601,Job Creation Program
Nellore,Manufacturing,2015,24557.0,353.0,17.295961433619567,385,Low,196.05474386067706,Increase Investment
Guntur,Energy,2020,25288.0,356.0,19.29556750654903,45,Low,1054.6922203233146,Increase Investment
Guntur,Manufacturing,2015,21678.0,595.0,7.086496075747041,220,Low,935.1646516506949,Job Creation Program
Guntur,Agriculture,2023,17151.0,416.0,6.225904397963042,255,Medium,528.8997622955262,Job Creation Program
Vijayawada,Healthcare,2014,48954.0,557.0,1.60713053031205,177,Medium,181.9517170538381,Job Creation Program
Nellore,Technology,2016,17161.0,841.0,7.769574762886993,179,Low,833.3421237558796,Job Creation Program
Visakhapatnam,Healthcare,2016,23378.0,318.0,11.132648225440128,115,Low,999.4018213568996,Increase Investment
Guntur,Healthcare,2016,4206.0,510.0,12.4955933335957,90,High,221.72752600133808,Increase Investment
Vijayawada,Agriculture,2018,16238.0,58.0,-4.090889482357618,227,Low,493.6272841002326,Job Creation Program
Guntur,Technology,2020,25297.0,136.0,3.17441803854709,327,Low,463.31720853242405,Job Creation Program
Kakinada,Technology,2022,3140.0,698.0,4.854752169103323,428,High,683.8861701403412,Job Creation Program
Nellore,Technology,2021,28432.0,921.0,1.649298594105649,68,Medium,746.190040051713,Job Creation Program
Nellore,Technology,2015,4086.0,173.0,18.042605638862838,289,Low,178.21370775523272,Increase Investment
Kakinada,Agriculture,2018,46585.0,413.0,1.5737899909661959,349,High,558.4997526626904,Job Creation Program
Visakhapatnam,Healthcare,2019,38010.0,455.0,-4.230479206161923,245,Medium,258.75131961196325,Job Creation Program
Nellore,Healthcare,2016,43683.0,448.0,12.80903537604065,128,Medium,569.3844784846622,Increase Investment
Nellore,Healthcare,2017,38486.0,707.0,19.97306271158332,380,Medium,469.20955337089407,Increase Investment
Kakinada,Healthcare,2021,33853.0,237.0,14.048084543078701,431,Medium,137.29396036709653,Increase Investment
Visakhapatnam,Manufacturing,2015,12998.0,,17.847565482023505,78,Low,692.594778719758,Increase Investment
Vijayawada,Healthcare,2016,36442.0,400.0,8.113500567599019,296,Low,359.4540022703961,Job Creation Program
Visakhapatnam,Energy,2023,43638.0,613.0,3.2079088188022133,47,High,547.9161202648144,Job Creation Program
Vijayawada,Manufacturing,2022,46306.0,918.0,6.2577867830784015,69,Medium,1024.4464826686597,Job Creation Program
Kakinada,Manufacturing,2023,8954.0,541.0,11.421832556483974,416,Low,449.7921141305783,Increase Investment
Nellore,Agriculture,2017,6243.0,732.0,-1.4341152092957223,495,High,781.5022766679554,Job Creation Program
Guntur,Energy,2021,21491.0,171.0,11.377923253483502,260,High,600.4562487634568,Increase Investment
Vijayawada,Energy,2022,31919.0,942.0,4.2416494373546065,251,Low,504.9563376998804,Job Creation Program
Nellore,Healthcare,2019,48647.0,299.0,3.500231672697634,191,Medium,275.4656927013659,Job Creation Program
Visakhapatnam,Healthcare,2023,22817.0,218.0,2.346072968991632,423,Medium,540.1144390724018,Job Creation Program
Guntur,Healthcare,2018,36902.0,81.0,-4.501695822007011,220,High,658.3536263841743,Job Creation Program
Visakhapatnam,Agriculture,2018,38220.0,468.0,1.52757963001301,90,High,987.1490726684609,Job Creation Program
Guntur,Agriculture,2014,14067.0,186.0,14.125005236917975,238,High,233.27250974066743,Increase Investment
Guntur,Energy,2016,22407.0,263.0,4.1634763602239016,92,Medium,530.9499428273889,Job Creation Program
Guntur,Manufacturing,2018,32943.0,168.0,19.710117303898656,127,Low,962.1129970705497,Increase Investment
Guntur,Agriculture,2019,20359.0,628.0,2.8510272894633157,297,Low,653.9044513778297,Job Creation Program
Guntur,Healthcare,2017,7187.0,353.0,-1.9634434475486695,180,High,825.0690446301531,Job Creation Program
Guntur,Technology,2018,4809.0,274.0,13.742854332169959,37,Low,348.6554208701457,Increase Investment
Kakinada,Healthcare,2021,25927.0,62.0,9.945534464697543,181,Medium,286.16623136811245,Job Creation Program
Vijayawada,Energy,2023,11387.0,349.0,3.460843105773172,497,Low,784.0783424391484,Job Creation Program
Visakhapatnam,Technology,2019,13085.0,778.0,16.471939406468298,428,Low,809.1516885823233,Increase Investment
Visakhapatnam,Agriculture,2022,,272.0,-8.500149842618448,54,High,348.87959242807784,Job Creation Program
Guntur,Healthcare,2020,11281.0,764.0,2.574773266608867,14,Medium,835.6712677568918,Job Creation Program
Kakinada,Energy,2022,38055.0,794.0,-0.08658156490627267,56,High,901.3125423746442,Job Creation Program
Vijayawada,Agriculture,2022,12390.0,494.0,9.146995394594498,318,Low,617.1861572492968,Job Creation Program
Guntur,Energy,2016,29635.0,54.0,8.271494383180105,154,Medium,558.4666069669173,Job Creation Program
Nellore,Energy,2018,6318.0,647.0,-3.911060491131214,481,High,523.6954386223811,Job Creation Program
Nellore,Technology,2019,5177.0,407.0,16.89045049851731,71,High,674.7441335289654,Increase Investment
Nellore,Agriculture,2018,23555.0,171.0,8.381197649215974,412,High,556.3318479801593,Job Creation Program
Kakinada,Energy,2016,9882.0,958.0,14.691879517869523,409,Medium,402.74820578119,Increase Investment
Nellore,Healthcare,2015,,718.0,6.099715674219377,339,High,985.7959585408951,Job Creation Program
Kakinada,Manufacturing,2015,28321.0,666.0,-1.2829146262804776,451,High,744.455788588972,Job Creation Program
Kakinada,Manufacturing,2023,6238.0,836.0,14.0508787227506,128,Low,1097.4653461221951,Increase Investment
Nellore,Energy,2018,7610.0,84.0,15.684222784154706,99,High,852.17474713869,Increase Investment
Guntur,Agriculture,2023,24350.0,,-4.366600423046343,44,Low,291.2327394067259,Job Creation Program
Kakinada,Agriculture,2021,26143.0,148.0,-5.134317723774592,117,Low,97.4012097688136,Job Creation Program
Visakhapatnam,Technology,2023,26169.0,848.0,11.828028452443839,152,Medium,990.3016812767238,Increase Investment
Visakhapatnam,Manufacturing,2016,46642.0,527.0,14.778624138551798,453,High,625.883349210168,Increase Investment
Kakinada,Agriculture,2021,3516.0,144.0,-2.6072307444037763,53,High,479.2455877280586,Job Creation Program
Nellore,Healthcare,2014,38691.0,532.0,16.72689537669256,469,Low,538.9870834040045,Increase Investment
Guntur,Technology,2018,33425.0,532.0,0.17220763643420867,356,Medium,492.91614462583,Job Creation Program
Nellore,Agriculture,2019,10251.0,806.0,-4.993284845539424,197,High,392.75412414495224,Job Creation Program
Nellore,Agriculture,2021,27618.0,224.0,14.136656399539426,65,Medium,471.6661103349683,Increase Investment
Guntur,Energy,2014,24077.0,546.0,1.0015569246854055,49,High,503.4685008087823,Job Creation Program
Vijayawada,Energy,2014,12801.0,527.0,2.307369146545395,442,High,822.1598354022942,Job Creation Program
Nellore,Healthcare,2020,42184.0,920.0,3.7010267612198344,197,Low,776.0494462032225,Job Creation Program
Nellore,Healthcare,2022,25944.0,524.0,14.708184890529434,324,Medium,673.0708888263742,Increase Investment
Visakhapatnam,Manufacturing,2019,33821.0,679.0,5.943098969683948,238,High,970.353642004154,Job Creation Program
Vijayawada,Healthcare,2017,14711.0,233.0,15.972870847132462,99,Medium,519.2167890738186,Increase Investment
Kakinada,Technology,2021,36159.0,244.0,0.337869533227968,414,Low,919.8244016610762,Job Creation Program
Vijayawada,Healthcare,2014,45810.0,951.0,17.473486197936207,341,Low,358.1728537423734,Increase Investment
Guntur,Manufacturing,2018,28057.0,151.0,4.446649789043052,80,Low,443.714441181455,Job Creation Program
Vijayawada,Agriculture,2021,47550.0,377.0,3.398921549670332,312,Low,826.8139342422571,Job Creation Program
Kakinada,Healthcare,2016,11097.0,969.0,1.3771607779823327,397,Medium,950.3446879386488,Job Creation Program
Guntur,Healthcare,2019,,205.0,-2.1696330847526157,45,Low,134.55225217625713,Job Creation Program
Vijayawada,Technology,2017,35215.0,564.0,-0.9378460277810676,274,High,609.7105484033148,Job Creation Program
Guntur,Agriculture,2018,2137.0,620.0,-7.891682128261626,386,High,253.07157080477793,Job Creation Program
Nellore,Agriculture,2019,5636.0,276.0,-8.541668192879959,222,Medium,774.4249957876514,Job Creation Program
Visakhapatnam,Manufacturing,2021,37499.0,599.0,11.276974393731315,470,High,401.5490766184506,Increase Investment
Visakhapatnam,Agriculture,2017,30327.0,603.0,8.033210577242535,61,Low,455.44025978077246,Job Creation Program
Visakhapatnam,Healthcare,2015,7749.0,,16.165801332326694,212,High,589.2704501374963,Increase Investment
Guntur,Technology,2019,29102.0,231.0,-4.99496504664224,87,High,724.4616307422564,Job Creation Program
Vijayawada,Healthcare,2018,24242.0,506.0,1.0077837779808272,151,Medium,768.099385916583,Job Creation Program
Vijayawada,Agriculture,2014,13043.0,487.0,1.3600614734675371,183,High,371.6234993757869,Job Creation Program
Visakhapatnam,Agriculture,2019,38959.0,423.0,3.9700208588499066,348,Medium,581.7931882329351,Job Creation Program
Nellore,Agriculture,2021,19503.0,140.0,-8.192074628516204,323,Low,470.5310955200773,Job Creation Program
Guntur,Agriculture,2020,48883.0,72.0,-3.160710661118146,499,High,530.724288323995,Job Creation Program
Vijayawada,Agriculture,2019,18034.0,486.0,7.818818879842393,323,High,296.999459756034,Job Creation Program
Nellore,Energy,2016,14559.0,946.0,3.30387291131661,420,Medium,756.2546377410551,Job Creation Program
Nellore,Manufacturing,2018,46741.0,550.0,18.827057805559583,132,Medium,229.5488179305777,Increase Investment
Visakhapatnam,Manufacturing,2022,32960.0,675.0,18.991564034561176,52,High,979.193057233288,Increase Investment
Visakhapatnam,Manufacturing,2016,2415.0,280.0,-3.0558732535555726,68,Low,261.4435548900444,Job Creation Program
Visakhapatnam,Technology,2014,27567.0,849.0,-2.715956567278081,224,Low,957.941528743809,Job Creation Program
Guntur,Energy,2021,,,19.54122190720667,377,High,1097.2821713298345,Increase Investment
Guntur,Healthcare,2021,15456.0,539.0,13.126437506807349,121,Medium,514.7514981616916,Increase Investment
Vijayawada,Technology,2019,48829.0,941.0,14.374766237372704,278,High,1000.2665502936771,Increase Investment
Visakhapatnam,Healthcare,2019,2981.0,711.0,3.5981924138019465,291,High,910.5831480621318,Job Creation Program
Nellore,Energy,2015,31341.0,491.0,2.9937100306641025,277,High,239.69911625056073,Job Creation Program
Guntur,Healthcare,2020,5843.0,,3.7180587200071376,250,Low,393.2502145040139,Job Creation Program
Vijayawada,Healthcare,2017,32631.0,940.0,7.608558247706753,326,High,1046.5204475284436,Job Creation Program
Visakhapatnam,Healthcare,2020,8788.0,883.0,19.693238882661028,32,Low,311.8912993338969,Increase Investment
Visakhapatnam,Energy,2017,28274.0,263.0,13.747935551792988,404,High,792.1570705012156,Increase Investment
Kakinada,Agriculture,2021,37493.0,91.0,0.3500170721181224,267,Low,100.3185155356275,Job Creation Program
Vijayawada,Healthcare,2023,42582.0,703.0,2.626790936983727,25,Low,683.4663402869955,Job Creation Program
Nellore,Energy,2018,36103.0,161.0,8.25589231814728,100,Medium,925.2919866322171,Job Creation Program
Vijayawada,Agriculture,2022,30437.0,,10.405353863275334,86,Medium,663.7388536499225,Increase Investment
Kakinada,Technology,2018,39909.0,58.0,-1.1889278898024114,179,Low,196.3104218239146,Job Creation Program
Kakinada,Technology,2020,21011.0,549.0,-0.1031698010003872,135,High,453.4335977925079,Job Creation Program
Kakinada,Healthcare,2023,21420.0,966.0,-3.867561520663677,398,Low,890.6393557103888,Job Creation Program
Guntur,Energy,2019,5655.0,607.0,4.449068005482664,196,Medium,758.0058427932797,Job Creation Program
Vijayawada,Healthcare,2021,33004.0,97.0,16.71347071425744,291,Medium,843.2120665928297,Increase Investment
Visakhapatnam,Healthcare,2023,12319.0,436.0,9.742117201712096,207,High,179.47563099946473,Job Creation Program
Visakhapatnam,Technology,2018,21688.0,250.0,15.694054091290841,62,Medium,734.2351352282271,Increase Investment
Vijayawada,Manufacturing,2015,5674.0,952.0,6.260877834751378,39,Low,281.6035569868331,Job Creation Program
Nellore,Manufacturing,2014,30097.0,364.0,9.213207942200857,424,High,289.5360769096111,Job Creation Program
Kakinada,Technology,2021,11383.0,,1.2228428866816508,496,High,977.8696458560719,Job Creation Program
Visakhapatnam,Agriculture,2022,17642.0,378.0,3.3488682599481105,384,High,353.65872202260385,Job Creation Program
Vijayawada,Manufacturing,2020,20495.0,171.0,14.019397833463746,305,Medium,915.973170295223,Increase Investment
Guntur,Healthcare,2014,,482.0,-1.033620750922652,396,Medium,735.0179479805528,Job Creation Program
Kakinada,Manufacturing,2018,37074.0,495.0,6.814950971054023,209,Low,658.7340073067174,Job Creation Program
Visakhapatnam,Technology,2023,49809.0,643.0,4.111496198491087,146,Low,240.4369205562977,Job Creation Program
Nellore,Technology,2023,49390.0,987.0,8.240121351649028,130,High,698.3299977407759,Job Creation Program
Nellore,Technology,2018,23148.0,906.0,16.89464452399261,183,High,852.065479387373,Increase Investment
Guntur,Manufacturing,2018,21494.0,371.0,14.750225400711138,408,High,490.7233362366383,Increase Investment
Vijayawada,Manufacturing,2014,48417.0,854.0,9.008340618411061,465,Medium,911.9312288812305,Job Creation Program
Visakhapatnam,Healthcare,2016,48964.0,,3.4832187542144784,96,High,948.3331337818614,Job Creation Program
Nellore,Healthcare,2015,,816.0,38.37614208779856,73,High,253.28732985910906,Job Creation Program
Guntur,Technology,2014,6686.0,465.0,18.540772987500556,389,High,535.2145943918775,Increase Investment
Visakhapatnam,Manufacturing,2015,43042.0,201.0,12.499309246838134,234,Medium,687.1236115861446,Increase Investment
Kakinada,Healthcare,2023,22478.0,384.0,3.8823164201381033,267,High,234.90809505333033,Job Creation Program
Guntur,Technology,2014,41053.0,54.0,19.660552789522264,336,Low,251.61669850634203,Increase Investment
Guntur,Agriculture,2021,22803.0,996.0,8.971198088013676,207,Low,964.3531329566163,Job Creation Program
Nellore,Healthcare,2015,41830.0,265.0,3.911954128695813,255,Low,684.3666784410439,Job Creation Program
Guntur,Healthcare,2023,17757.0,835.0,11.048980299290783,160,Low,331.258985499078,Increase Investment
Guntur,Energy,2015,,957.0,17.41945292173086,284,High,643.7041644609643,Increase Investment
Guntur,Healthcare,2020,4678.0,633.0,5.600152572560031,496,Medium,741.448965784305,Job Creation Program
Nellore,Energy,2022,35010.0,921.0,16.972561341146758,111,High,796.3172899519616,Increase Investment
Visakhapatnam,Healthcare,2019,28618.0,346.0,8.288419923849748,402,High,217.67793293652014,Job Creation Program
Guntur,Energy,2023,27374.0,643.0,15.374183450496155,386,Medium,798.8559995866902,Increase Investment
Vijayawada,Energy,2016,17970.0,631.0,13.278488966192988,182,High,379.78726537667774,Increase Investment
Nellore,Energy,2014,39521.0,,16.815449254915325,282,Low,720.334670320075,Increase Investment
Guntur,Agriculture,2014,18144.0,353.0,10.234666625975755,332,Low,580.1283731896945,Increase Investment
Visakhapatnam,Energy,2022,36078.0,719.0,-1.9857745761221217,265,Medium,792.722280797682,Job Creation Program
Kakinada,Healthcare,2018,32109.0,75.0,4.190399161283317,151,Medium,846.1427993709625,Job Creation Program
Nellore,Technology,2023,44636.0,619.0,12.17274946708033,464,High,296.3493192012272,Increase Investment
Visakhapatnam,Manufacturing,2022,4911.0,198.0,16.2811530876469,332,Low,912.2366831135408,Increase Investment
Vijayawada,Manufacturing,2022,,492.0,11.199107622635228,310,Medium,580.0996095033653,Increase Investment
Visakhapatnam,Healthcare,2019,3414.0,834.0,15.950735309008142,449,High,736.0291324771279,Increase Investment
Nellore,Manufacturing,2014,24391.0,434.0,16.008240316582953,81,Low,1002.47576297397,Increase Investment
Vijayawada,Energy,2018,3469.0,,4.805122770588341,247,Medium,204.0517823723532,Job Creation Program
Vijayawada,Healthcare,2022,33209.0,503.0,-1.863547761475452,386,Medium,527.6263547597785,Job Creation Program
Visakhapatnam,Energy,2017,2545.0,189.0,-1.7937948588733779,264,High,865.6097277167294,Job Creation Program
Vijayawada,Healthcare,2017,42579.0,280.0,13.720666003218277,83,High,217.41786480901118,Increase Investment
Guntur,Agriculture,2014,8199.0,170.0,-5.520241761212099,394,Low,565.6155890059395,Job Creation Program
Visakhapatnam,Healthcare,2019,48156.0,616.0,3.814053556062129,28,Low,978.4945699053427,Job Creation Program
Guntur,Healthcare,2020,23585.0,777.0,15.808479502217008,454,Medium,972.8318857322262,Increase Investment
Nellore,Healthcare,2022,43685.0,178.0,6.644639329499315,29,High,862.8274580065088,Job Creation Program
Vijayawada,Energy,2018,47706.0,472.0,19.588007693068363,134,Medium,649.4553963112827,Increase Investment
Nellore,Agriculture,2022,27634.0,671.0,-3.521997393214429,42,Low,564.3673974915312,Job Creation Program
Visakhapatnam,Manufacturing,2021,9507.0,164.0,1.822971185108348,463,High,725.9896727435777,Job Creation Program
Vijayawada,Manufacturing,2014,23904.0,53.0,5.779087328370043,337,Low,491.06291628403613,Job Creation Program
Nellore,Healthcare,2014,41645.0,547.0,-1.5133836350241276,273,Medium,459.721791516418,Job Creation Program
Visakhapatnam,Manufacturing,2014,14107.0,426.0,1.7376168447448341,471,Low,816.402247758613,Job Creation Program
Vijayawada,Manufacturing,2017,25866.0,667.0,-2.3426284875089642,424,High,789.3746679883152,Job Creation Program
Kakinada,Technology,2016,12322.0,459.0,0.43732957050286103,376,Medium,397.00734272860814,Job Creation Program
Guntur,Agriculture,2023,42341.0,274.0,-4.2765644635310816,398,Medium,111.28221336992483,Job Creation Program
Kakinada,Agriculture,2022,7630.0,682.0,10.547560976532179,309,Medium,643.9343658599495,Increase Investment
Guntur,Energy,2021,25079.0,729.0,1.0426906811004741,335,Medium,803.6012150652225,Job Creation Program
Vijayawada,Technology,2014,39977.0,477.0,6.1371448063447644,18,High,233.27418072626452,Job Creation Program
Vijayawada,Agriculture,2023,1544.0,558.0,-8.202802714871934,412,High,634.2283608510146,Job Creation Program
Kakinada,Technology,2019,49431.0,365.0,16.836881338181858,216,Low,840.4546168843638,Increase Investment
Visakhapatnam,Technology,2017,15484.0,817.0,1.662745931099959,287,High,521.5846342570867,Job Creation Program
Vijayawada,Manufacturing,2019,2251.0,,14.950420881264407,82,High,327.6567626785038,Increase Investment
Kakinada,Healthcare,2018,21234.0,993.0,18.03439973820363,357,Low,373.081589400362,Increase Investment
Vijayawada,Energy,2023,28773.0,208.0,5.993085072935605,98,Low,270.46561695170607,Job Creation Program
Guntur,Healthcare,2020,22083.0,987.0,-0.7058602471130282,406,Low,552.0331593609944,Job Creation Program
Visakhapatnam,Manufacturing,2017,2650.0,229.0,7.2808642207971275,318,Low,818.6731790656254,Job Creation Program
Nellore,Energy,2014,43420.0,698.0,16.19044463072182,371,Medium,545.0093035224384,Increase Investment
Kakinada,Energy,2021,46252.0,169.0,10.932141170360998,235,High,527.4753185779101,Increase Investment
Guntur,Manufacturing,2017,13507.0,342.0,5.248239011465179,202,Medium,318.9489774192109,Job Creation Program
Nellore,Healthcare,2014,34520.0,164.0,17.712604494261743,406,Medium,899.0486713705892,Increase Investment
Guntur,Manufacturing,2018,20865.0,91.0,5.465846401199478,198,Low,707.9739202250915,Job Creation Program
Kakinada,Technology,2016,,784.0,1.6448128888526634,144,Medium,718.8953330486049,Job Creation Program
Kakinada,Energy,2022,30989.0,489.0,1.3063012726800514,13,High,421.38781322340543,Job Creation Program
Guntur,Manufacturing,2022,33626.0,574.0,1.9434287138564281,30,Low,413.1552808175359,Job Creation Program
Nellore,Manufacturing,2020,46279.0,141.0,13.542434409491953,293,Medium,747.0948325173837,Increase Investment
Vijayawada,Technology,2022,33135.0,63.0,-0.17040218167442944,425,Low,160.8926466255451,Job Creation Program
Guntur,Healthcare,2020,28957.0,632.0,0.16084986824660596,337,Low,891.0165711673186,Job Creation Program
Guntur,Manufacturing,2018,43673.0,569.0,1.8607280693234545,435,High,769.5875427144505,Job Creation Program
Visakhapatnam,Manufacturing,2022,45687.0,296.0,11.125616040243504,245,Medium,451.9318234791208,Increase Investment
Vijayawada,Energy,2019,2746.0,545.0,6.660432746803931,334,Medium,905.2993584700814,Job Creation Program
Visakhapatnam,Healthcare,2020,23354.0,524.0,7.59896594211696,432,Medium,175.81858153669288,Job Creation Program
Kakinada,Technology,2016,40217.0,181.0,11.642906233499183,424,High,710.0736602826336,Increase Investment
Guntur,Energy,2019,44560.0,835.0,-3.850690319988013,499,High,253.8467358281001,Job Creation Program
Guntur,Healthcare,2019,24704.0,478.0,0.49219063573704336,75,High,637.3526712388231,Job Creation Program
Kakinada,Healthcare,2020,7492.0,298.0,13.128978782495743,438,Medium,845.1243567718373,Increase Investment
Nellore,Manufacturing,2022,10640.0,626.0,12.974468679422493,487,High,976.2201739331848,Increase Investment
Nellore,Healthcare,2022,32826.0,,18.191903979653432,144,Medium,318.8258470245366,Increase Investment
Vijayawada,Healthcare,2017,48761.0,,6.632679910467033,469,High,809.4286014997231,Job Creation Program
Kakinada,Manufacturing,2022,3896.0,172.0,17.74677185201118,136,Low,736.5244475854593,Increase Investment
Kakinada,Manufacturing,2017,18081.0,524.0,7.367128720414547,26,Medium,526.6037544949722,Job Creation Program
Visakhapatnam,Healthcare,2022,17691.0,452.0,10.958839603815688,485,Medium,254.5339550092469,Increase Investment
Vijayawada,Energy,2020,49347.0,305.0,6.29697641759174,315,Medium,696.2057780736548,Job Creation Program
Vijayawada,Energy,2017,42329.0,151.0,12.276113623406204,498,Medium,716.5369315713434,Increase Investment
Visakhapatnam,Healthcare,2016,36537.0,,10.604061397696883,437,Low,1002.5679206789717,Increase Investment
Nellore,Technology,2019,26131.0,274.0,4.418983583153755,162,Low,513.1080150178412,Job Creation Program
Visakhapatnam,Agriculture,2020,25587.0,101.0,13.68093688090832,311,High,633.8177462497174,Increase Investment
Guntur,Manufacturing,2017,42120.0,810.0,-0.2648630048223728,408,Low,576.8546096609388,Job Creation Program
Visakhapatnam,Technology,2017,22295.0,569.0,11.016329145502812,127,Medium,404.682912837911,Increase Investment
Nellore,Manufacturing,2019,45693.0,166.0,2.0626475318611215,434,Medium,764.4239949028895,Job Creation Program
Kakinada,Manufacturing,2023,22119.0,149.0,18.65224626985229,371,Low,454.7918469420799,Increase Investment
Visakhapatnam,Agriculture,2017,29334.0,617.0,-4.5072384321237084,437,High,190.19033887379672,Job Creation Program
Kakinada,Manufacturing,2018,15725.0,225.0,12.375863288683238,172,Medium,393.84569239953726,Increase Investment
Nellore,Technology,2022,11906.0,634.0,0.5851156159056616,146,Medium,658.7096330048419,Job Creation Program
Nellore,Agriculture,2023,9791.0,617.0,6.064329806568566,109,High,277.41691490652806,Job Creation Program
Kakinada,Agriculture,2018,45222.0,760.0,5.9161131472385815,58,High,1022.9624599190132,Job Creation Program
Guntur,Energy,2021,23752.0,711.0,18.44127462979184,469,Low,244.11746261782,Increase Investment
Guntur,Energy,2021,10781.0,488.0,6.65642318256552,465,Low,402.48334513091976,Job Creation Program
Guntur,Healthcare,2020,13571.0,883.0,11.11813965852238,239,High,582.1731731847526,Increase Investment
Vijayawada,Manufacturing,2014,1707.0,340.0,16.72022679078624,288,High,552.8487710886732,Increase Investment
Kakinada,Energy,2019,,407.0,5.131199779299271,172,High,858.8839831017481,Job Creation Program
Vijayawada,Energy,2023,,664.0,18.836611891812183,259,Medium,701.0751029616329,Increase Investment
Visakhapatnam,Technology,2019,8647.0,973.0,3.9799823910802026,306,High,159.72522866521038,Job Creation Program
Vijayawada,Technology,2015,13908.0,636.0,0.027776696376717425,390,Low,308.17665978895593,Job Creation Program
Guntur,Agriculture,2017,26435.0,622.0,-9.917971774742483,399,Low,886.3102155611018,Job Creation Program
Vijayawada,Technology,2016,33488.0,790.0,12.662099703559512,335,Low,818.0305876581201,Increase Investment
Vijayawada,Technology,2018,4424.0,447.0,4.273091503974404,311,Low,816.1007190227656,Job Creation Program
Kakinada,Healthcare,2017,2054.0,731.0,5.133117691915933,52,High,270.5230903279055,Job Creation Program
Guntur,Manufacturing,2019,34290.0,129.0,13.528816832141466,127,Medium,372.4521737134625,Increase Investment
Visakhapatnam,Manufacturing,2016,40358.0,402.0,2.7598965071129653,38,Medium,569.0947839585941,Job Creation Program
Visakhapatnam,Healthcare,2017,3619.0,934.0,9.288719371231332,257,Medium,326.7566389273006,Job Creation Program
Visakhapatnam,Agriculture,2015,4485.0,489.0,7.036874491739692,202,High,246.4103162646071,Job Creation Program
Kakinada,Manufacturing,2022,32632.0,701.0,0.3973950073757022,445,High,879.7857390017036,Job Creation Program
Kakinada,Manufacturing,2017,14060.0,346.0,-3.4335758267334215,193,High,923.1198276395023,Job Creation Program
Vijayawada,Healthcare,2021,17549.0,664.0,11.099905815987146,202,Low,774.7033746181546,Increase Investment
Visakhapatnam,Technology,2018,9839.0,335.0,-3.463802098893527,18,Low,593.3962629687067,Job Creation Program
Guntur,Energy,2015,33606.0,517.0,9.56187668885266,435,Low,311.4349024813682,Job Creation Program
Nellore,Healthcare,2014,25762.0,195.0,-4.850052672075934,372,Low,120.54239728945193,Job Creation Program
Nellore,Technology,2015,31875.0,824.0,2.6072964628709885,246,Medium,488.4841228540569,Job Creation Program
Guntur,Healthcare,2020,36080.0,452.0,15.319332196252208,198,High,911.24338152706,Increase Investment
Kakinada,Manufacturing,2014,45056.0,631.0,13.382401200512781,328,High,744.4429515752356,Increase Investment
Vijayawada,Healthcare,2020,11017.0,808.0,18.489561789228095,235,Medium,486.395659256963,Increase Investment
Kakinada,Energy,2015,36380.0,306.0,2.886111652047445,441,Medium,626.8315016552651,Job Creation Program
Guntur,Agriculture,2021,8998.0,622.0,-9.295362616016405,391,Low,213.18284452837796,Job Creation Program
Guntur,Technology,2022,31410.0,346.0,14.48558410368932,224,Medium,1024.120120998765,Increase Investment
Nellore,Technology,2020,29154.0,959.0,-1.843102805621864,213,Medium,639.3246440940864,Job Creation Program
Nellore,Energy,2015,6731.0,945.0,14.797411291545203,201,Low,591.8355367051022,Increase Investment
Kakinada,Technology,2018,49538.0,101.0,6.806651169974467,272,Medium,717.8747176816742,Job Creation Program
Kakinada,Energy,2021,40430.0,238.0,7.520781657165051,429,High,752.8994603440528,Job Creation Program
Guntur,Technology,2015,40590.0,,7.7191699822420485,54,Medium,985.9465218827975,Job Creation Program
Nellore,Agriculture,2021,16853.0,83.0,-2.5783037241807882,339,Low,158.86000790892996,Job Creation Program
Kakinada,Technology,2023,4699.0,782.0,-4.220672942056728,59,High,484.99433759311637,Job Creation Program
Guntur,Energy,2018,2722.0,406.0,19.7641456214074,297,Low,737.2424312229141,Increase Investment
Guntur,Healthcare,2016,1924.0,,-3.7255809132831006,19,Low,854.7841867214037,Job Creation Program
Guntur,Agriculture,2016,19444.0,876.0,8.024078205854313,286,High,948.2909250832838,Job Creation Program
Kakinada,Energy,2016,49170.0,844.0,3.3896552547045946,167,Medium,633.6086903497068,Job Creation Program
Guntur,Energy,2015,44069.0,969.0,14.768370932267867,471,High,414.1055143336756,Increase Investment
Guntur,Manufacturing,2018,41748.0,948.0,-0.46547380749051115,430,Low,269.58730830498996,Job Creation Program
Guntur,Healthcare,2018,37594.0,849.0,19.06127614010832,172,Medium,327.83023442951963,Increase Investment
Guntur,Manufacturing,2021,45466.0,419.0,13.006341086795423,196,Low,622.4965691536728,Increase Investment
Vijayawada,Technology,2019,32501.0,531.0,17.998426679481113,387,Medium,362.5716456680447,Increase Investment
Vijayawada,Agriculture,2022,14982.0,893.0,1.0958956200629064,190,Low,786.7863478871618,Job Creation Program
Vijayawada,Technology,2014,35960.0,65.0,17.43556428070864,491,High,329.3331167824606,Increase Investment
Kakinada,Manufacturing,2018,47778.0,685.0,12.850655364672637,298,High,661.0269892480076,Increase Investment
Vijayawada,Energy,2019,13637.0,109.0,3.426937249620927,474,High,193.7353616020868,Job Creation Program
Nellore,Energy,2020,36892.0,,10.920429402339387,249,Medium,800.0701450442239,Increase Investment
Nellore,Healthcare,2020,12739.0,872.0,27.475567371341057,336,Low,414.8967368695235,Job Creation Program
Kakinada,Technology,2023,9290.0,781.0,1.7152909977615218,463,High,589.3964226925175,Job Creation Program
Guntur,Agriculture,2015,25085.0,507.0,-2.4134753841699714,442,High,110.76367980225825,Job Creation Program
Visakhapatnam,Healthcare,2019,16049.0,763.0,13.96376868679356,392,Medium,935.5435550802349,Increase Investment
Kakinada,Healthcare,2018,27943.0,787.0,10.003816201840367,278,Low,202.7300335084837,Increase Investment
Vijayawada,Technology,2014,39168.0,635.0,-6.121718931973046,197,Medium,633.2817711954928,Job Creation Program
Guntur,Technology,2015,,907.0,-1.190967890865045,172,Low,563.197921229854,Job Creation Program
Visakhapatnam,Agriculture,2017,49853.0,544.0,10.661087856869244,180,Medium,614.9963179413687,Increase Investment
Guntur,Agriculture,2018,21205.0,377.0,-8.290728017235255,461,Low,553.7439553750231,Job Creation Program
Visakhapatnam,Manufacturing,2023,46206.0,229.0,8.285922317152451,496,Medium,342.9747621062791,Job Creation Program
Nellore,Energy,2017,41077.0,767.0,2.285122172496136,340,High,825.5268870630454,Job Creation Program
Guntur,Energy,2021,36723.0,261.0,-0.2494051851836634,462,Low,146.34905246667063,Job Creation Program
Kakinada,Agriculture,2017,42405.0,180.0,-6.87860867054649,383,High,616.6185043930163,Job Creation Program
Nellore,Technology,2014,33179.0,545.0,5.11764409621062,350,Low,691.8911603243479,Job Creation Program
Guntur,Agriculture,2016,5655.0,248.0,14.402949667572432,101,High,343.71931517557965,Increase Investment
Guntur,Manufacturing,2016,38947.0,737.0,10.078531128036937,238,High,471.2787744136322,Increase Investment
Visakhapatnam,Agriculture,2017,46642.0,744.0,8.55081655984391,189,High,919.6180752052387,Job Creation Program
Vijayawada,Technology,2017,25955.0,741.0,-4.671659361923432,135,High,347.3830041281474,Job Creation Program
Nellore,Manufacturing,2014,5789.0,118.0,-4.584147904755804,74,Medium,940.5907054723882,Job Creation Program
Visakhapatnam,Agriculture,2023,,222.0,14.030509832548432,447,Low,627.1477318282575,Increase Investment
Guntur,Healthcare,2019,44642.0,652.0,18.954669824646725,363,Low,1032.5844472566966,Increase Investment
Vijayawada,Energy,2016,9499.0,722.0,5.272807328321337,377,Medium,305.06966891048006,Job Creation Program
Vijayawada,Technology,2020,29992.0,583.0,8.86553522821529,193,Low,879.6860703804952,Job Creation Program
Nellore,Technology,2018,29250.0,680.0,-4.32613100504672,491,Low,277.5823091656823,Job Creation Program
Vijayawada,Manufacturing,2023,14258.0,362.0,16.90360874904608,166,Medium,237.1910636715468,Increase Investment
Visakhapatnam,Agriculture,2021,37765.0,857.0,2.7439923836366784,151,Low,958.5160147277663,Job Creation Program
Visakhapatnam,Healthcare,2019,7816.0,591.0,-0.6732739559145982,446,Low,709.0209509205447,Job Creation Program
Nellore,Manufacturing,2014,27974.0,56.0,-1.51844325279135,352,Low,284.14967177843687,Job Creation Program
Guntur,Technology,2021,,977.0,-3.624829223901636,58,Medium,961.585418482481,Job Creation Program
Guntur,Energy,2023,29448.0,77.0,2.684626187167523,121,Medium,471.067162164119,Job Creation Program
Guntur,Healthcare,2015,42159.0,729.0,15.120634090386986,202,High,435.2294225189211,Increase Investment
Nellore,Energy,2015,8578.0,833.0,7.744584143539605,466,Low,606.512385915685,Job Creation Program
Guntur,Technology,2023,,599.0,12.262684978653617,207,Low,671.4534830221352,Increase Investment
Kakinada,Agriculture,2018,1241.0,365.0,8.175784521698578,144,Medium,707.8416135041998,Job Creation Program
Guntur,Energy,2020,7907.0,466.0,9.44304102547839,117,Low,454.0045711787293,Job Creation Program
Visakhapatnam,Healthcare,2016,30698.0,505.0,-3.5635110693773435,398,Low,722.0042690996444,Job Creation Program
Guntur,Agriculture,2022,15282.0,386.0,8.319142027335332,412,Medium,745.1118882255143,Job Creation Program
Kakinada,Manufacturing,2020,9475.0,899.0,0.5009980963655281,224,High,502.5039728863261,Job Creation Program
Nellore,Healthcare,2020,27402.0,116.0,3.939096967490121,357,High,308.56935248228854,Job Creation Program
Nellore,Manufacturing,2018,29786.0,426.0,-4.589830993455123,141,Medium,233.44731996788119,Job Creation Program
Guntur,Technology,2019,12390.0,357.0,9.072923003002517,70,High,582.390335120719,Job Creation Program
Guntur,Energy,2014,6755.0,878.0,16.78043217189937,323,High,694.3321944692765,Increase Investment
Kakinada,Technology,2022,17214.0,622.0,-1.293485608216764,494,Low,486.9545195168917,Job Creation Program
Vijayawada,Technology,2016,25060.0,925.0,10.847284747310056,291,High,615.3373839126181,Increase Investment
Vijayawada,Agriculture,2017,29544.0,752.0,-9.661391901889948,323,Medium,460.3463328977876,Job Creation Program
Vijayawada,Healthcare,2023,14993.0,573.0,9.39847456676592,87,Medium,361.8532592675687,Job Creation Program
Vijayawada,Manufacturing,2014,,,9.264759154255344,236,Medium,312.58985877271283,Job Creation Program
Kakinada,Agriculture,2019,19609.0,329.0,9.110636465283868,63,High,672.9739939707839,Job Creation Program
Nellore,Manufacturing,2016,20790.0,,-3.9179377624704816,43,Low,172.977339885794,Job Creation Program
Nellore,Technology,2020,8207.0,72.0,4.255261676072196,334,Medium,304.063788406772,Job Creation Program
Visakhapatnam,Agriculture,2019,6678.0,931.0,14.017066350952323,433,High,492.49888772736614,Increase Investment
Nellore,Energy,2015,11411.0,420.0,13.045244897142926,149,Low,958.7900285680003,Increase Investment
Vijayawada,Technology,2022,22642.0,909.0,14.188910412087822,94,Low,1090.9771956458783,Increase Investment
Visakhapatnam,Energy,2022,32129.0,247.0,2.724476340125247,146,Low,944.7294565601094,Job Creation Program
Nellore,Healthcare,2019,20629.0,380.0,-4.116473884756856,147,Medium,983.3573992379239,Job Creation Program
Kakinada,Manufacturing,2016,5132.0,894.0,19.939284509163386,294,Medium,517.2572035119207,Increase Investment
Vijayawada,Energy,2022,15100.0,533.0,16.520531518504317,102,High,456.054432993628,Increase Investment
Nellore,Manufacturing,2022,7380.0,702.0,2.374559598058111,483,Low,389.66940837836796,Job Creation Program
Vijayawada,Healthcare,2014,23280.0,229.0,15.104189199018947,152,Low,378.5885932657534,Increase Investment
Visakhapatnam,Healthcare,2017,46730.0,763.0,-0.7436279319463459,471,Low,290.3261188792494,Job Creation Program
Kakinada,Agriculture,2021,6226.0,830.0,-0.3603748733898424,110,Medium,703.0088885508643,Job Creation Program
Kakinada,Technology,2020,22603.0,287.0,-0.8622270859937755,373,Medium,907.5254082631978,Job Creation Program
Nellore,Agriculture,2018,33331.0,852.0,3.5149676513915455,92,Low,700.947524389856,Job Creation Program
Nellore,Technology,2022,19501.0,436.0,-3.3633878783971793,306,Low,803.3356288501883,Job Creation Program
Guntur,Healthcare,2014,11846.0,204.0,6.824686525161846,388,High,936.9223605113301,Job Creation Program
Nellore,Manufacturing,2023,49114.0,938.0,-4.32833694510442,53,Low,935.4001994549205,Job Creation Program
Vijayawada,Technology,2017,22890.0,296.0,1.4115697951558692,318,Medium,175.17824659366138,Job Creation Program
Visakhapatnam,Energy,2021,40222.0,465.0,18.865296767742887,420,High,1067.7236299700044,Increase Investment
Guntur,Energy,2014,32226.0,209.0,12.52136194522912,310,Low,477.16964646552884,Increase Investment
Guntur,Agriculture,2015,14226.0,919.0,10.712920673044195,294,Low,994.4517409852762,Increase Investment
Vijayawada,Energy,2020,35318.0,490.0,12.836555866511667,239,Low,1010.8991237459072,Increase Investment
Nellore,Healthcare,2021,29152.0,455.0,-1.5927773790776936,461,High,777.7528629251965,Job Creation Program
Kakinada,Technology,2017,34281.0,,3.3073451451471048,229,High,518.6536725725736,Job Creation Program
Nellore,Manufacturing,2023,16729.0,932.0,6.910117968459,494,Medium,705.4022994660379,Job Creation Program
Guntur,Energy,2015,9351.0,893.0,4.537375251173804,473,Medium,561.518760992982,Job Creation Program
Visakhapatnam,Manufacturing,2014,,607.0,8.258383719667627,178,Medium,585.1283891783825,Job Creation Program
Vijayawada,Agriculture,2017,11921.0,307.0,-2.6714088821333215,443,Low,871.7987747318507,Job Creation Program
Kakinada,Agriculture,2019,43232.0,759.0,-1.4863178670728114,186,High,444.71884738891737,Job Creation Program
Vijayawada,Technology,2023,27718.0,625.0,18.085903633639955,229,Medium,308.0368977102497,Increase Investment
Nellore,Technology,2015,49637.0,933.0,6.68481153051194,142,Low,531.3692915796764,Job Creation Program
Guntur,Healthcare,2023,12882.0,890.0,-0.3883439902387691,357,High,705.543738486875,Job Creation Program
Guntur,Energy,2022,43344.0,882.0,16.81794603239232,211,High,991.3342840057003,Increase Investment
Kakinada,Healthcare,2022,45006.0,924.0,1.2353970350582602,39,High,770.4150686039384,Job Creation Program
Vijayawada,Technology,2018,48227.0,502.0,13.883420577180843,268,Low,600.6947712974478,Increase Investment
Kakinada,Healthcare,2017,42060.0,328.0,-0.06868055673201301,44,Low,457.774727773919,Job Creation Program
Guntur,Agriculture,2023,12996.0,615.0,-0.5429310240914464,42,Medium,743.6609742018376,Job Creation Program
Nellore,Healthcare,2019,35315.0,133.0,10.589135154181703,424,Medium,832.0835497550617,Increase Investment
Vijayawada,Agriculture,2022,49232.0,214.0,5.24535968460636,41,Medium,852.2250697250577,Job Creation Program
Guntur,Technology,2019,12672.0,56.0,-2.286119124009582,254,High,980.7197732905546,Job Creation Program
Vijayawada,Healthcare,2020,7714.0,121.0,14.674902969165725,96,Low,578.7566325926905,Increase Investment
Kakinada,Technology,2014,17025.0,465.0,15.266813461851399,121,High,966.9906825976091,Increase Investment
Visakhapatnam,Agriculture,2023,13674.0,983.0,11.994315678066187,372,Medium,748.9041231153906,Increase Investment
Kakinada,Manufacturing,2021,6493.0,854.0,13.54014405515747,456,Medium,519.6328302310447,Increase Investment
Vijayawada,Agriculture,2019,13558.0,824.0,14.177908187756195,173,Low,236.82596346711105,Increase Investment
Vijayawada,Technology,2017,,665.0,18.150988977062468,32,Medium,883.7040766974654,Increase Investment
Visakhapatnam,Manufacturing,2017,12169.0,198.0,-2.8820375779978686,169,Medium,889.2935655955642,Job Creation Program
Vijayawada,Healthcare,2020,48277.0,63.0,11.46763856816315,82,High,620.2246122979428,Increase Investment
Guntur,Healthcare,2016,24954.0,128.0,12.471464997636136,17,High,895.9634751969743,Increase Investment
Nellore,Agriculture,2022,1968.0,730.0,5.64268864091472,339,Medium,612.1916270786775,Job Creation Program
Kakinada,Energy,2017,47935.0,351.0,9.599366307206674,424,High,193.69377573829541,Job Creation Program
Guntur,Technology,2017,22690.0,261.0,-0.6040320047495342,291,High,685.4234764676037,Job Creation Program
Visakhapatnam,Manufacturing,2018,49364.0,283.0,-0.9299928639062136,113,High,194.36812019514542,Job Creation Program
Guntur,Energy,2021,5477.0,472.0,4.382732765892282,348,Medium,855.6864986550115,Job Creation Program
Nellore,Technology,2016,46684.0,952.0,-4.978772259457046,51,High,298.6020880899689,Job Creation Program
Kakinada,Energy,2014,18628.0,715.0,7.302172471190897,268,Low,338.2105331690149,Job Creation Program
Nellore,Technology,2018,28987.0,545.0,14.739062920524159,338,Medium,204.32789291685668,Increase Investment
Kakinada,Manufacturing,2021,23355.0,758.0,7.261728962761689,11,Low,260.0439055377336,Job Creation Program
Vijayawada,Healthcare,2015,23570.0,187.0,8.758812091786307,57,Medium,584.3789786116404,Job Creation Program
Kakinada,Energy,2015,15803.0,557.0,11.420720303408757,303,Medium,357.6134120899868,Increase Investment
Guntur,Energy,2015,18191.0,661.0,3.74704814083778,177,High,288.76798821093774,Job Creation Program
Kakinada,Technology,2022,13574.0,594.0,19.62058838319873,239,High,509.54629499620046,Increase Investment
Guntur,Energy,2019,2514.0,437.0,17.131889842059472,81,High,705.8663586097999,Increase Investment
Vijayawada,Technology,2022,40501.0,239.0,15.507078125505068,163,High,761.0619167199571,Increase Investment
Vijayawada,Manufacturing,2016,5942.0,267.0,15.071227674707036,212,Low,500.2401778914678,Increase Investment
Vijayawada,Energy,2015,49652.0,450.0,15.657665682521948,479,High,899.4594955713487,Increase Investment
Kakinada,Energy,2018,26688.0,94.0,-4.112226810735995,409,Medium,673.1345067979082,Job Creation Program
Kakinada,Agriculture,2015,14478.0,798.0,14.921864999388255,497,Medium,528.0764826951183,Increase Investment
Visakhapatnam,Technology,2022,34635.0,478.0,11.404267432160687,256,Medium,221.51239832572807,Increase Investment
Kakinada,Healthcare,2015,9986.0,68.0,17.11328599070006,380,High,946.6370344736761,Increase Investment
Vijayawada,Agriculture,2018,25104.0,386.0,-7.223075886230487,151,Low,509.1189270791503,Job Creation Program
Kakinada,Agriculture,2020,38107.0,288.0,-6.653072895913505,244,High,792.839150059769,Job Creation Program
Guntur,Healthcare,2015,14922.0,985.0,-2.8687688747112428,316,Medium,138.74262658409427,Job Creation Program
Vijayawada,Healthcare,2014,46267.0,799.0,-2.2339141687983437,187,High,746.1510257913012,Job Creation Program
Visakhapatnam,Manufacturing,2018,43875.0,232.0,0.2468777259430972,77,High,936.5727563241879,Job Creation Program
Visakhapatnam,Manufacturing,2018,2208.0,884.0,15.124546462852859,109,Medium,478.7009907316193,Increase Investment
Guntur,Energy,2021,34328.0,558.0,17.237195113395536,301,Low,486.1835487327471,Increase Investment
Nellore,Energy,2017,10896.0,359.0,16.964760609395988,484,High,584.9034905877315,Increase Investment
Nellore,Healthcare,2015,30236.0,865.0,12.869434135865575,141,Medium,1061.3206052752373,Increase Investment
Guntur,Energy,2018,25920.0,625.0,1.301483796738938,440,Medium,930.1342737296184,Job Creation Program
Visakhapatnam,Technology,2016,12932.0,308.0,13.745905584610117,195,Low,1010.3373892005992,Increase Investment
Nellore,Healthcare,2021,45312.0,883.0,-1.1906484146136749,268,High,245.48657449896126,Job Creation Program
Kakinada,Manufacturing,2021,29032.0,487.0,-2.652051051844488,243,Medium,166.08451137751734,Job Creation Program
Visakhapatnam,Manufacturing,2021,23103.0,971.0,0.40100561183949335,100,Low,401.8937644909615,Job Creation Program
Visakhapatnam,Healthcare,2021,30860.0,889.0,2.8828831713568555,229,Low,514.6288313933625,Job Creation Program
Visakhapatnam,Manufacturing,2020,33791.0,606.0,14.905296977042859,382,Medium,1022.3260996808797,Increase Investment
Kakinada,Agriculture,2015,19916.0,492.0,8.284828679728253,76,High,461.761357104263,Job Creation Program
Visakhapatnam,Agriculture,2022,40212.0,866.0,5.375148248829179,84,High,781.5487838348607,Job Creation Program
Guntur,Technology,2017,35146.0,70.0,-3.5896406834977173,230,Low,183.4872515215516,Job Creation Program
Guntur,Manufacturing,2023,42930.0,632.0,13.740142164558847,246,High,428.8376984800119,Increase Investment
Visakhapatnam,Energy,2020,2505.0,282.0,18.128205021586464,251,Low,170.12153816087383,Increase Investment
Vijayawada,Agriculture,2015,47954.0,348.0,13.457135378815263,465,High,850.8308311182772,Increase Investment
Visakhapatnam,Healthcare,2019,23427.0,705.0,5.164979041031261,316,Low,644.4131022392704,Job Creation Program
Guntur,Technology,2016,40759.0,137.0,14.657470401932557,175,Medium,776.0807344506476,Increase Investment
Nellore,Manufacturing,2022,44316.0,863.0,4.417431482337763,299,Medium,326.1224336925749,Job Creation Program
Guntur,Energy,2019,19694.0,991.0,8.907596536729095,151,Low,603.2742816789853,Job Creation Program
Vijayawada,Energy,2023,,832.0,2.6372188850087426,316,Medium,228.94166112327275,Job Creation Program
Kakinada,Energy,2023,5710.0,537.0,-1.6352716545509196,427,High,451.21859121506156,Job Creation Program
Nellore,Energy,2014,16568.0,527.0,5.767770890233672,390,Low,739.3961525915314,Job Creation Program
Nellore,Technology,2022,38861.0,344.0,4.684064595533782,305,High,146.1131822086362,Job Creation Program
Guntur,Energy,2016,9359.0,910.0,3.041020866209964,264,Medium,1013.6732898825106,Job Creation Program
Visakhapatnam,Energy,2018,16097.0,614.0,13.216722044065758,302,Medium,289.15067335056375,Increase Investment
Visakhapatnam,Manufacturing,2019,21029.0,801.0,0.41092426580846997,355,Medium,751.2915033691258,Job Creation Program
Kakinada,Manufacturing,2015,14276.0,605.0,10.042183739269547,492,Medium,642.7552116225808,Increase Investment
Nellore,Technology,2018,37251.0,,-4.162878661556386,303,High,960.0652659385037,Job Creation Program
Visakhapatnam,Technology,2020,40468.0,625.0,-2.990666552730013,400,Medium,150.30833404543742,Job Creation Program
Visakhapatnam,Agriculture,2023,25985.0,954.0,-6.868475086201533,156,Medium,689.4747476776374,Job Creation Program
Vijayawada,Manufacturing,2015,28532.0,171.0,-4.665594014780587,110,Medium,479.0218342347252,Job Creation Program
Visakhapatnam,Agriculture,2020,49617.0,50.0,10.281571241673195,338,Low,248.1407856208366,Increase Investment
Visakhapatnam,Agriculture,2019,16503.0,388.0,-2.342630217536409,446,High,359.91059475595875,Job Creation Program
Nellore,Manufacturing,2020,2546.0,608.0,6.596600731540441,120,Low,442.1073324477659,Job Creation Program
Kakinada,Healthcare,2017,9366.0,158.0,6.5045962519737675,345,Medium,802.2772620781185,Job Creation Program
Visakhapatnam,Manufacturing,2019,32752.0,198.0,11.236998636984133,233,Medium,475.24925730122857,Increase Investment
Kakinada,Technology,2019,25802.0,,7.501781266844999,29,High,987.180504114551,Job Creation Program
Kakinada,Energy,2019,,859.0,-3.880642517581024,425,Low,832.665280773979,Job Creation Program
Nellore,Energy,2017,44883.0,961.0,13.037265689225496,436,Low,490.288123273457,Increase Investment
Guntur,Manufacturing,2021,49577.0,605.0,18.80368023453,153,Low,789.7622654189065,Increase Investment
Kakinada,Manufacturing,2014,13854.0,740.0,2.569143764562594,433,Low,621.0116638577632,Job Creation Program
Nellore,Technology,2018,34675.0,365.0,-1.4130688925539934,271,High,588.8422985421779,Job Creation Program
Visakhapatnam,Energy,2023,18909.0,665.0,7.738236165770694,297,High,823.4592705023751,Job Creation Program
Visakhapatnam,Healthcare,2015,6826.0,373.0,16.819318138835516,474,High,293.73605665785647,Increase Investment
Kakinada,Energy,2018,45036.0,970.0,16.633908444303003,37,Medium,522.3489119097392,Increase Investment
Kakinada,Agriculture,2016,47169.0,862.0,5.244814432278906,233,Low,659.2103004062442,Job Creation Program
Kakinada,Healthcare,2019,39948.0,710.0,8.533127977277662,416,Low,391.5852086386714,Job Creation Program
Nellore,Energy,2023,41355.0,369.0,-3.9290913013259803,484,Medium,934.5016530981071,Job Creation Program
Vijayawada,Manufacturing,2018,10944.0,,2.5358688590039327,211,Medium,595.85685511515,Job Creation Program
Visakhapatnam,Technology,2023,34126.0,291.0,2.3927273901248203,274,Low,657.9628367052633,Job Creation Program
Nellore,Healthcare,2018,21432.0,378.0,14.720543027308462,415,Low,937.643652643226,Increase Investment
Kakinada,Technology,2019,45185.0,283.0,12.420462641414606,124,Low,467.14990927520336,Increase Investment
Kakinada,Technology,2018,44002.0,257.0,0.14113058623488506,112,Medium,360.36270560662365,Job Creation Program
Nellore,Agriculture,2017,46772.0,556.0,-1.6480389582720676,345,Medium,823.8369033920073,Job Creation Program
Visakhapatnam,Energy,2016,39569.0,534.0,12.037675573586785,217,Low,446.28118756295345,Increase Investment
Vijayawada,Technology,2020,13099.0,545.0,-1.442525081032679,73,High,432.1382383083719,Job Creation Program
Visakhapatnam,Energy,2014,18431.0,968.0,15.652169347385772,249,High,571.5129992826943,Increase Investment
Guntur,Energy,2015,34855.0,682.0,10.982872971965822,27,Low,1010.9031936688069,Increase Investment
Kakinada,Technology,2015,30205.0,,5.942500148393719,470,Medium,750.5259258621675,Job Creation Program
Kakinada,Agriculture,2016,35623.0,167.0,6.110896570698596,367,Medium,266.20519727306663,Job Creation Program
Visakhapatnam,Agriculture,2023,12966.0,914.0,13.026313510912853,323,High,448.0605054897435,Increase Investment
Visakhapatnam,Manufacturing,2014,34142.0,347.0,5.788744637677111,27,High,251.08694389273958,Job Creation Program
Kakinada,Energy,2020,9065.0,326.0,18.77025531953879,322,Medium,593.1910323416964,Increase Investment
Kakinada,Manufacturing,2018,2365.0,702.0,10.493370908820165,456,Low,668.6634637799175,Increase Investment
Visakhapatnam,Healthcare,2022,18289.0,205.0,12.304657209502928,148,Low,626.224547279481,Increase Investment
Visakhapatnam,Agriculture,2020,46766.0,,10.179050701596783,472,Low,435.3306151057583,Increase Investment
Guntur,Agriculture,2021,31818.0,170.0,8.583915179891399,492,Medium,764.5926558058154,Job Creation Program
Nellore,Technology,2016,38380.0,894.0,2.5445742934962423,330,High,883.7484941838565,Job Creation Program
Vijayawada,Manufacturing,2020,28664.0,269.0,2.185390427015504,314,Low,233.8787002486717,Job Creation Program
Visakhapatnam,Healthcare,2014,17926.0,965.0,8.177214622740996,91,Medium,333.91012110945064,Job Creation Program
Vijayawada,Healthcare,2015,31288.0,290.0,5.8703065881680825,302,Low,199.02388910568743,Job Creation Program
Kakinada,Energy,2021,49058.0,172.0,6.003740783648963,442,Medium,112.32643414787621,Job Creation Program
Kakinada,Agriculture,2015,27690.0,138.0,-2.3762014685614554,211,High,434.7208419733852,Job Creation Program
Visakhapatnam,Agriculture,2022,34914.0,648.0,10.645422918859111,178,Medium,959.9823405142071,Increase Investment
Vijayawada,Agriculture,2015,18910.0,588.0,-1.588626390983368,286,Low,384.65887682101777,Job Creation Program
Visakhapatnam,Healthcare,2015,47595.0,546.0,-4.26219838762749,171,High,602.7283968035539,Job Creation Program
Visakhapatnam,Manufacturing,2020,49783.0,464.0,11.566821741416671,403,Low,746.6700528801733,Increase Investment
Guntur,Technology,2016,1229.0,488.0,11.803885369559207,466,Medium,292.60296060344893,Increase Investment
Kakinada,Technology,2019,37242.0,601.0,-2.097327003627898,339,High,778.3950647081963,Job Creation Program
Visakhapatnam,Energy,2023,32385.0,76.0,-4.6527466258432995,172,Medium,795.4639125643591,Job Creation Program
Visakhapatnam,Technology,2016,8692.0,78.0,3.161138128520818,159,Medium,159.46568774024624,Job Creation Program
Guntur,Agriculture,2016,13793.0,992.0,-4.818233349538689,278,High,329.2031251725762,Job Creation Program
Kakinada,Agriculture,2020,27534.0,90.0,-5.013107872233582,416,Medium,193.48820291498978,Job Creation Program
Visakhapatnam,Agriculture,2018,12955.0,522.0,-4.444989673097879,238,Medium,92.79715390642907,Job Creation Program
Vijayawada,Energy,2019,46229.0,536.0,19.799870408103466,190,Low,486.1273053874346,Increase Investment
Guntur,Manufacturing,2015,14445.0,893.0,5.626768637210249,44,High,964.2470439302875,Job Creation Program
Kakinada,Manufacturing,2017,26951.0,579.0,6.686719935191455,391,Low,715.7161084247585,Job Creation Program
Guntur,Technology,2015,19430.0,731.0,14.577615351858903,291,High,466.5623682220886,Increase Investment
Guntur,Technology,2015,30728.0,585.0,1.7006003148225304,55,Medium,851.9485118417118,Job Creation Program
Nellore,Technology,2016,14732.0,395.0,-3.6109381820595514,78,Medium,772.7367941808648,Job Creation Program
Guntur,Agriculture,2016,34351.0,416.0,9.352678009401021,223,Low,985.9071405191082,Job Creation Program
Kakinada,Energy,2019,49505.0,820.0,-0.17364656206223916,56,High,700.5760981910896,Job Creation Program
Nellore,Agriculture,2023,39597.0,419.0,7.646076546595836,191,Low,334.03706073023653,Job Creation Program
Vijayawada,Energy,2023,18496.0,854.0,-3.227313539668609,294,High,946.4387423712301,Job Creation Program
Vijayawada,Energy,2021,35121.0,590.0,19.836624122940027,478,Medium,385.0360823253462,Increase Investment
Vijayawada,Healthcare,2019,5616.0,,16.54660040707263,286,Low,561.171091940463,Increase Investment
Kakinada,Agriculture,2018,21316.0,600.0,12.503524142663668,474,Low,761.021144855982,Increase Investment
Guntur,Technology,2021,21184.0,444.0,2.0432670951209504,48,Medium,948.0721059023371,Job Creation Program
Guntur,Technology,2020,30425.0,455.0,-1.349740822233143,55,Medium,841.8586792588392,Job Creation Program
Kakinada,Energy,2020,11985.0,281.0,4.510895072299549,427,Medium,479.67561515316174,Job Creation Program
Vijayawada,Energy,2021,30925.0,791.0,-1.6713985216648917,150,High,934.7792376936308,Job Creation Program
Visakhapatnam,Energy,2019,4754.0,997.0,2.1344629393134875,145,High,778.2805955049555,Job Creation Program
Nellore,Healthcare,2021,47913.0,898.0,-3.1760527571359094,471,Low,655.4790462409195,Job Creation Program
Nellore,Technology,2019,45390.0,80.0,11.52536517581845,239,Low,865.2202921406548,Increase Investment
Vijayawada,Healthcare,2015,40598.0,849.0,14.418684154597269,257,Medium,310.4146284725308,Increase Investment
Guntur,Manufacturing,2015,42014.0,625.0,7.651598727541845,228,Low,947.8224920471365,Job Creation Program
Vijayawada,Agriculture,2017,33869.0,813.0,-4.649553319049845,332,High,813.1991315161248,Job Creation Program
Vijayawada,Manufacturing,2014,1118.0,91.0,5.106533680850571,439,Low,880.646945649574,Job Creation Program
Guntur,Energy,2015,31937.0,505.0,4.636148772914909,189,Low,252.41255130322028,Job Creation Program
Kakinada,Agriculture,2016,6273.0,555.0,6.353639806031804,291,High,934.2627009234765,Job Creation Program
Guntur,Agriculture,2021,17982.0,983.0,-0.8601789281105443,438,High,216.54444113667336,Job Creation Program
Nellore,Energy,2021,2339.0,,17.913432015050628,61,High,459.6339681958205,Increase Investment
Kakinada,Healthcare,2016,,296.0,13.630027277946233,31,Medium,658.3448807427209,Increase Investment
Guntur,Manufacturing,2014,12334.0,758.0,10.824661755715136,435,High,1023.0509361083207,Increase Investment
Nellore,Agriculture,2015,13766.0,602.0,-9.744049935600115,396,Medium,349.3408193876873,Job Creation Program
Nellore,Technology,2015,14366.0,835.0,13.014344201499199,111,Medium,982.6697740825183,Increase Investment
Kakinada,Agriculture,2019,12635.0,711.0,-9.509045067008154,169,High,705.390689573572,Job Creation Program
Guntur,Agriculture,2020,40989.0,272.0,13.82855849434458,62,High,893.6136791046173,Increase Investment
Vijayawada,Technology,2023,15265.0,341.0,9.290411516260432,194,High,882.6803032704481,Job Creation Program
Nellore,Healthcare,2014,21954.0,407.0,5.321484332422656,355,Medium,641.6584412329602,Job Creation Program
Vijayawada,Agriculture,2021,34368.0,144.0,-0.685583088549274,452,High,415.01276035248907,Job Creation Program
Guntur,Agriculture,2018,44993.0,604.0,-4.19280779979147,35,High,235.6754408892595,Job Creation Program
Visakhapatnam,Technology,2022,38764.0,58.0,18.351094816187334,19,Low,551.6436349933887,Increase Investment
Nellore,Manufacturing,2015,10727.0,279.0,-0.35207431640659337,352,Low,941.0177126572256,Job Creation Program
Kakinada,Energy,2018,16784.0,566.0,17.393057343052554,189,Low,287.44470456167744,Increase Investment
Visakhapatnam,Technology,2017,31987.0,476.0,-1.768234302003031,67,High,354.58320472246555,Job Creation Program
Vijayawada,Energy,2021,38264.0,406.0,11.222612463995851,331,High,263.56380660382314,Increase Investment
Visakhapatnam,Agriculture,2021,2702.0,579.0,-3.030431353171739,211,Low,237.45380246513562,Job Creation Program
Visakhapatnam,Healthcare,2023,29452.0,899.0,19.64853915555203,190,High,669.6403670084128,Increase Investment
Vijayawada,Energy,2021,2286.0,192.0,12.01760718654462,303,Medium,631.0738057981657,Increase Investment
Vijayawada,Manufacturing,2021,11770.0,215.0,19.801582238478208,13,High,559.5734018127281,Increase Investment
Kakinada,Healthcare,2014,30235.0,202.0,7.284315846181318,473,High,693.7143180092862,Job Creation Program
Guntur,Manufacturing,2023,43207.0,786.0,12.792043708227805,237,Medium,705.5454635466706,Increase Investment
Vijayawada,Energy,2014,36522.0,978.0,-1.4808945325194953,397,Low,950.5168514719593,Job Creation Program
Visakhapatnam,Technology,2014,36331.0,805.0,-2.442018583625059,99,Medium,769.3417504018183,Job Creation Program
Kakinada,Agriculture,2019,13361.0,360.0,-1.5943177839609213,435,Low,336.26045597774066,Job Creation Program
Vijayawada,Healthcare,2015,49741.0,,-2.5597870294103497,263,High,464.3324203214787,Job Creation Program
Guntur,Healthcare,2017,31052.0,206.0,7.772931582965482,391,Medium,894.0122390609089,Job Creation Program
Vijayawada,Energy,2017,,347.0,3.7387947050836488,94,Low,460.97361762664025,Job Creation Program
Guntur,Healthcare,2017,37105.0,328.0,5.041147217124655,14,Medium,234.53496287216888,Job Creation Program
Nellore,Technology,2022,32256.0,,15.881844750304548,451,Medium,225.20887818172983,Increase Investment
Kakinada,Agriculture,2018,12360.0,746.0,12.22740338689514,367,Low,272.21642926623775,Increase Investment
Nellore,Technology,2022,23856.0,298.0,13.147361805819955,142,Medium,708.1791381813434,Increase Investment
Vijayawada,Agriculture,2021,16567.0,670.0,4.875771333537829,444,Low,253.66766793470345,Job Creation Program
Nellore,Healthcare,2021,24249.0,260.0,13.42271237114604,462,Medium,620.8990521649797,Increase Investment
Guntur,Technology,2018,27999.0,280.0,3.550845996761442,234,High,685.942368790932,Job Creation Program
Vijayawada,Healthcare,2022,45905.0,275.0,14.97073976225948,188,Medium,336.1695343462136,Increase Investment
Guntur,Healthcare,2016,11863.0,890.0,13.486763238663688,377,Low,627.0321928241068,Increase Investment
Kakinada,Healthcare,2017,4226.0,706.0,0.10497656481940254,269,High,118.74113454762498,Job Creation Program
Kakinada,Healthcare,2016,45133.0,125.0,0.7643763781390662,477,Medium,914.9554704726738,Job Creation Program
Kakinada,Agriculture,2018,31410.0,794.0,-5.847483496669386,107,Low,556.5709810364451,Job Creation Program
Guntur,Healthcare,2014,22185.0,841.0,18.579056441027614,280,High,924.2498646690423,Increase Investment
Kakinada,Energy,2015,26118.0,376.0,1.1245053983460558,441,Medium,705.2281402977811,Job Creation Program
Guntur,Manufacturing,2016,33173.0,388.0,-3.3510127105523324,476,Medium,367.99807068305694,Job Creation Program
Vijayawada,Technology,2021,36048.0,794.0,0.8642539967568661,256,Medium,1004.8621767342495,Job Creation Program
Kakinada,Healthcare,2014,4892.0,763.0,5.48672257923004,382,High,734.8636932795253,Job Creation Program
Nellore,Manufacturing,2018,45727.0,574.0,-4.032918477549995,159,High,99.85104793886303,Job Creation Program
Guntur,Technology,2023,33778.0,857.0,12.742568832501338,121,Medium,980.2038148945364,Increase Investment
Nellore,Technology,2023,48657.0,334.0,18.725738551120187,109,Low,167.54396676074143,Increase Investment
Kakinada,Healthcare,2023,24519.0,266.0,1.3282253380898714,188,Low,377.53307939931904,Job Creation Program
Vijayawada,Energy,2019,5317.0,754.0,0.44496402259365997,336,Medium,400.3550287303562,Job Creation Program
Visakhapatnam,Manufacturing,2021,35843.0,338.0,6.436366372200881,246,Medium,504.754918338039,Job Creation Program
Vijayawada,Manufacturing,2020,9995.0,254.0,-1.2048636240057236,82,High,483.9396463950255,Job Creation Program
Nellore,Manufacturing,2021,44111.0,271.0,5.109575145821886,381,Low,516.8469486451773,Job Creation Program
Kakinada,Energy,2019,44113.0,897.0,8.080818723126066,361,Low,453.4849439464408,Job Creation Program
Nellore,Technology,2019,30733.0,468.0,14.945980869467686,80,High,814.9471904691088,Increase Investment
Kakinada,Manufacturing,2014,47318.0,511.0,-16.012971051563756,229,Medium,695.5434294816273,Job Creation Program
Visakhapatnam,Energy,2014,37819.0,232.0,-3.7805063359161823,365,Medium,311.22922530067444,Job Creation Program
Kakinada,Agriculture,2020,47500.0,157.0,-7.41129568155043,413,High,685.3642657799659,Job Creation Program
Kakinada,Healthcare,2020,11619.0,982.0,15.219538653492357,398,Medium,509.45586957729495,Increase Investment
Nellore,Technology,2023,17365.0,940.0,7.46194610594662,341,Low,183.1422933958982,Job Creation Program
Nellore,Agriculture,2017,40325.0,277.0,-9.461804998454728,249,High,907.7908001542804,Job Creation Program
Nellore,Healthcare,2023,1764.0,89.0,15.078648153938616,313,High,844.4199968570053,Increase Investment
Nellore,Manufacturing,2019,19840.0,611.0,9.882190984920124,351,High,196.38018691786195,Job Creation Program
Nellore,Manufacturing,2022,19556.0,361.0,15.766652870586029,246,High,655.9176168628155,Increase Investment
Guntur,Healthcare,2022,49866.0,723.0,-1.465623609880799,477,Low,222.4035413005618,Job Creation Program
Guntur,Energy,2019,35585.0,519.0,8.572908748323496,73,High,973.4933964037989,Job Creation Program
Kakinada,Technology,2023,37751.0,317.0,14.923639090541442,484,Medium,801.3079359170164,Increase Investment
Vijayawada,Energy,2017,38429.0,871.0,14.021516893864408,165,High,974.127412145559,Increase Investment
Nellore,Manufacturing,2018,25531.0,990.0,15.715587367953095,229,Medium,1019.5843149427357,Increase Investment
Guntur,Technology,2021,5695.0,149.0,-3.035710442708207,312,Low,295.47679144036476,Job Creation Program
Nellore,Energy,2019,41218.0,947.0,10.55496464187674,354,High,853.9555151585728,Increase Investment
Visakhapatnam,Healthcare,2015,43160.0,930.0,13.246331173852884,319,Medium,539.1908799168318,Increase Investment
Nellore,Healthcare,2015,37877.0,77.0,8.458514970261065,117,Medium,695.5130565271011,Job Creation Program
Kakinada,Technology,2021,15598.0,896.0,-0.8548882293354971,77,High,562.340201465154,Job Creation Program
Vijayawada,Healthcare,2019,41702.0,709.0,16.79440022750592,248,High,660.072297613017,Increase Investment
Guntur,Energy,2019,29653.0,56.0,13.129109173225146,285,Low,149.3523011370061,Increase Investment
Vijayawada,Technology,2017,22112.0,570.0,19.30269319751949,190,Low,481.0253512258611,Increase Investment
Visakhapatnam,Manufacturing,2020,15216.0,849.0,3.830181185511588,425,High,343.5182382649934,Job Creation Program
Vijayawada,Technology,2020,44937.0,730.0,-0.19782544109939604,40,High,280.55587427997443,Job Creation Program
Vijayawada,Technology,2020,5174.0,595.0,10.680297976133811,116,Low,610.5477729579961,Increase Investment
Nellore,Manufacturing,2016,27444.0,656.0,2.8321929329725064,102,Medium,734.5791856402997,Job Creation Program
Nellore,Technology,2022,6489.0,700.0,5.3924319768552404,344,High,1014.7470238379867,Job Creation Program
Guntur,Healthcare,2016,31238.0,411.0,-2.2678140511758356,378,High,737.6792842496673,Job Creation Program
Kakinada,Technology,2014,11442.0,70.0,16.190817459642822,158,Low,865.3335722217499,Increase Investment
Kakinada,Manufacturing,2022,18072.0,167.0,11.21663681156603,385,Medium,436.7317834753153,Increase Investment
Kakinada,Agriculture,2022,33448.0,542.0,9.54959633941774,226,High,684.7588121596441,Job Creation Program
Visakhapatnam,Technology,2019,41372.0,263.0,-1.41931105474551,175,Low,748.2672119260193,Job Creation Program
Vijayawada,Energy,2014,45793.0,622.0,4.560877124512762,283,Low,148.36865571446938,Job Creation Program
Vijayawada,Agriculture,2021,17660.0,334.0,-4.483979006080915,341,Low,187.02351011968975,Job Creation Program
Kakinada,Technology,2016,4589.0,929.0,13.36912353250742,131,Low,430.19915761699394,Increase Investment
Kakinada,Healthcare,2019,17538.0,608.0,2.553913860595488,288,Medium,768.5277962724206,Job Creation Program
Nellore,Technology,2021,34224.0,227.0,0.9919127152818525,48,Medium,913.2516418636898,Job Creation Program
Kakinada,Energy,2017,2231.0,626.0,14.344712726951244,97,High,878.7979016707147,Increase Investment
Vijayawada,Energy,2022,41924.0,521.0,13.059981222289192,40,High,549.0425021681267,Increase Investment
Kakinada,Technology,2022,18192.0,358.0,3.2669054690795516,130,High,245.6955215793048,Job Creation Program
Guntur,Agriculture,2016,16468.0,90.0,3.691672250372145,388,Medium,900.322505025335,Job Creation Program
Nellore,Technology,2020,24291.0,,5.026690688903525,370,Low,895.3772261743194,Job Creation Program
Guntur,Agriculture,2022,37491.0,712.0,-9.18675863535007,80,Low,697.5902785163075,Job Creation Program
Guntur,Technology,2023,17664.0,371.0,6.201735076133659,343,High,512.0084371324559,Job Creation Program
Guntur,Healthcare,2021,46905.0,168.0,-3.643255657086151,183,High,221.87933049609526,Job Creation Program
Visakhapatnam,Manufacturing,2015,32469.0,581.0,5.587375970696705,57,Medium,745.4626543897479,Job Creation Program
Guntur,Manufacturing,2014,3215.0,159.0,16.8983755087558,376,Low,368.86841705892175,Increase Investment
Vijayawada,Energy,2017,4664.0,615.0,14.751920421707656,105,Low,525.7243105935021,Increase Investment
Nellore,Healthcare,2020,18214.0,631.0,19.487045714161564,197,High,991.9632584563594,Increase Investment
Visakhapatnam,Technology,2016,13501.0,761.0,10.073401689388449,379,Low,495.6585868562461,Increase Investment
Nellore,Healthcare,2019,9175.0,415.0,19.9485104071034,338,High,447.7863181894791,Increase Investment
Guntur,Healthcare,2018,,140.0,1.2626588827958267,481,Low,342.76772243591415,Job Creation Program
Visakhapatnam,Agriculture,2016,18738.0,759.0,-9.653173296368397,154,Medium,26.732414680563863,Job Creation Program
Guntur,Technology,2014,,988.0,6.22940990390836,33,High,453.5465698506146,Job Creation Program
Visakhapatnam,Energy,2023,24116.0,309.0,3.0646611537408432,193,High,902.4698029650592,Job Creation Program
Vijayawada,Energy,2021,16643.0,622.0,9.782492579279408,98,High,423.8471038431179,Job Creation Program
Guntur,Manufacturing,2018,38339.0,998.0,5.392036760595719,294,Low,314.8125268707453,Job Creation Program
Kakinada,Agriculture,2015,46854.0,678.0,5.636049920150283,309,High,995.2124184586189,Job Creation Program
Guntur,Energy,2014,42239.0,714.0,6.20768595598336,337,Low,357.3228777257212,Job Creation Program
Kakinada,Manufacturing,2023,30913.0,666.0,13.34443557309551,40,High,991.8739409168161,Increase Investment
Guntur,Technology,2022,2753.0,240.0,13.388833057082618,10,High,776.1331993369982,Increase Investment
Kakinada,Agriculture,2022,27692.0,520.0,12.478070745209699,153,High,369.88596787509044,Increase Investment
Visakhapatnam,Manufacturing,2023,21616.0,268.0,1.248091524327326,207,High,446.3448852851972,Job Creation Program
Kakinada,Manufacturing,2022,28846.0,575.0,-3.7622632783958148,19,High,244.36698614922406,Job Creation Program
Visakhapatnam,Energy,2021,1318.0,947.0,3.0967666812685106,264,Low,463.3263804716128,Job Creation Program
Vijayawada,Energy,2021,17973.0,841.0,0.35271029319989733,439,Low,647.9662935658112,Job Creation Program
Kakinada,Agriculture,2016,17272.0,535.0,-3.4885549902278266,314,Low,312.33623080228114,Job Creation Program
Guntur,Agriculture,2021,2440.0,921.0,-6.162786071756057,191,Medium,891.2407402791267,Job Creation Program
Vijayawada,Healthcare,2020,34747.0,322.0,2.277181624855758,471,Low,644.3325248320356,Job Creation Program
Visakhapatnam,Agriculture,2017,31289.0,59.0,9.022156258320116,295,Low,414.32307219240886,Job Creation Program
Vijayawada,Manufacturing,2022,12422.0,750.0,-4.150289581015613,10,High,295.8728281423829,Job Creation Program
Vijayawada,Healthcare,2017,10729.0,783.0,6.783431008015352,495,Medium,735.1142647927602,Job Creation Program
Nellore,Healthcare,2020,45507.0,772.0,-1.7892449584876884,406,Low,165.18702892047506,Job Creation Program
Visakhapatnam,Manufacturing,2016,1987.0,607.0,-1.8529190260934731,197,High,97.75278151161262,Job Creation Program
Visakhapatnam,Technology,2018,28865.0,107.0,3.9491910146233096,131,Low,721.2256343856469,Job Creation Program
Vijayawada,Technology,2014,48852.0,76.0,5.280395237061976,109,High,909.0131003801671,Job Creation Program
Guntur,Healthcare,2014,37088.0,431.0,10.195956560582486,215,Low,223.94457277611053,Increase Investment
Visakhapatnam,Agriculture,2015,1387.0,861.0,8.601077017271749,408,Medium,690.0552731187097,Job Creation Program
Kakinada,Healthcare,2014,42840.0,,18.211408040463517,419,High,969.5382847545118,Increase Investment
Visakhapatnam,Energy,2019,32212.0,817.0,16.71831991644959,418,Low,364.58867371739314,Increase Investment
Visakhapatnam,Energy,2020,46216.0,762.0,16.074041870952446,253,High,765.4841990566576,Increase Investment
Nellore,Technology,2017,36800.0,428.0,11.155588195616986,479,Low,1011.7459174772407,Increase Investment
Nellore,Manufacturing,2020,35830.0,202.0,45.344345861080015,409,High,590.8988946598454,Increase Investment
Visakhapatnam,Agriculture,2019,37651.0,355.0,11.43287702995666,279,Low,260.58671345634616,Increase Investment
Kakinada,Agriculture,2014,35749.0,656.0,6.602311325085729,266,Medium,513.3111622925624,Job Creation Program
Kakinada,Technology,2022,6175.0,624.0,3.8540947103152323,176,High,265.0495509923671,Job Creation Program
Visakhapatnam,Agriculture,2021,33627.0,235.0,6.7032530995258774,258,Medium,210.7526447838858,Job Creation Program
Guntur,Agriculture,2017,43314.0,276.0,-4.081244658343493,85,Low,412.183941185743,Job Creation Program
Vijayawada,Healthcare,2017,16180.0,139.0,-3.7561552146589197,429,Low,957.7789442516241,Job Creation Program
Kakinada,Technology,2023,47356.0,149.0,11.819819357255223,371,Medium,761.6115308423102,Increase Investment
Guntur,Healthcare,2020,9058.0,798.0,-3.5115983616462354,453,High,150.97744507406304,Job Creation Program
Nellore,Technology,2022,47388.0,929.0,10.719327981284973,340,Low,462.5825569461374,Increase Investment
Guntur,Energy,2022,49524.0,233.0,18.383607716441706,329,Low,717.8338059793092,Increase Investment
Kakinada,Manufacturing,2020,47686.0,139.0,11.360942892002022,84,Medium,848.7917106198828,Increase Investment
Nellore,Agriculture,2018,49469.0,475.0,-8.372382687377169,283,High,469.23118223495845,Job Creation Program
Visakhapatnam,Manufacturing,2021,23245.0,131.0,-4.926648554933087,409,Low,439.5460903930377,Job Creation Program
Guntur,Healthcare,2020,3847.0,540.0,-4.918226866718745,284,Low,869.4415749197187,Job Creation Program
Kakinada,Technology,2014,5619.0,195.0,-4.461684992535049,477,Low,962.2997142645567,Job Creation Program
Vijayawada,Energy,2020,16558.0,807.0,-2.1695355624518307,105,High,787.4918480110138,Job Creation Program
Vijayawada,Energy,2021,36210.0,521.0,14.563308719259929,416,Low,223.87483842734423,Increase Investment
Nellore,Manufacturing,2023,26094.0,353.0,6.22766204210078,409,Medium,939.9836470086158,Job Creation Program
Vijayawada,Technology,2023,48456.0,297.0,3.0202376750736466,457,Medium,1007.9701058949687,Job Creation Program
Guntur,Energy,2018,35210.0,772.0,9.260916378096153,212,Low,709.4942744389023,Job Creation Program
Kakinada,Energy,2021,36806.0,98.0,-1.2101199134866385,87,Low,729.8140824847831,Job Creation Program
Nellore,Healthcare,2018,35157.0,645.0,5.494549050553712,31,High,209.43984137607146,Job Creation Program
Nellore,Manufacturing,2023,27162.0,621.0,13.649283452010916,316,Medium,488.7620502369878,Increase Investment
Nellore,Healthcare,2017,10734.0,626.0,-4.6377828460177835,485,Medium,547.9674793839287,Job Creation Program
Visakhapatnam,Agriculture,2018,20058.0,502.0,4.484577094785175,358,Low,1016.5125770158215,Job Creation Program
Guntur,Energy,2022,12609.0,,-1.1422044133087268,481,High,650.062821604214,Job Creation Program
Guntur,Technology,2022,19683.0,911.0,17.42030358375834,310,Medium,304.6989656480385,Increase Investment
Nellore,Agriculture,2022,13398.0,276.0,2.6906739207811228,48,High,401.4262600213559,Job Creation Program
Guntur,Energy,2020,7817.0,674.0,1.932247584194851,413,Low,636.0233487174733,Job Creation Program
Vijayawada,Agriculture,2020,19134.0,,8.24393740339135,197,Low,895.2625970633289,Job Creation Program
Nellore,Healthcare,2020,33430.0,581.0,18.91655201861924,189,High,279.9051672281778,Increase Investment
Kakinada,Agriculture,2019,36868.0,67.0,-6.470487531585827,454,High,602.6647733538375,Job Creation Program
Visakhapatnam,Healthcare,2015,49277.0,765.0,-4.808399500573539,453,High,799.2157438206125,Job Creation Program
Guntur,Agriculture,2023,46065.0,138.0,11.41856206018145,136,Medium,238.7576156430504,Increase Investment
Vijayawada,Technology,2021,9149.0,746.0,12.576209891746938,357,High,386.8185257924322,Increase Investment
Nellore,Energy,2021,14830.0,70.0,-3.1717440063634816,182,Low,158.77977919554556,Job Creation Program
Guntur,Technology,2019,3604.0,193.0,15.745078618239184,240,High,544.3880017332016,Increase Investment
Vijayawada,Agriculture,2020,7803.0,296.0,-5.370414047471408,423,Medium,403.10357441948463,Job Creation Program
Vijayawada,Manufacturing,2014,10515.0,704.0,10.993596987083647,272,Medium,718.3949227890689,Increase Investment
Vijayawada,Energy,2019,48963.0,768.0,14.98463312387991,377,High,1062.0819823913978,Increase Investment
Guntur,Healthcare,2023,39398.0,,-3.4401149189236655,367,Medium,792.4838139956349,Job Creation Program
Visakhapatnam,Manufacturing,2021,28866.0,969.0,-1.9139997576725616,308,High,902.4533423481529,Job Creation Program
Vijayawada,Energy,2022,48184.0,257.0,-1.7444133620102482,241,High,271.5168576596337,Job Creation Program
Visakhapatnam,Healthcare,2015,24013.0,363.0,22.317485143305625,302,High,749.2531177675498,Job Creation Program
Visakhapatnam,Energy,2016,19461.0,674.0,-1.528194302101661,66,Low,912.6999704038348,Job Creation Program
Kakinada,Healthcare,2018,23157.0,207.0,7.9578659985518705,398,High,284.4727826170024,Job Creation Program
Guntur,Healthcare,2023,26491.0,147.0,-3.8089764146815512,456,High,757.4008046704181,Job Creation Program
Vijayawada,Healthcare,2023,22747.0,293.0,11.676872720549358,221,Low,395.2132370712096,Increase Investment
Visakhapatnam,Agriculture,2019,49468.0,760.0,-2.3361232843510074,53,High,518.2454630389324,Job Creation Program
Visakhapatnam,Healthcare,2022,8798.0,414.0,0.6887856891572604,190,Low,394.85157275311104,Job Creation Program
Visakhapatnam,Agriculture,2019,41771.0,600.0,-5.351801343787951,400,Low,900.8891919372722,Job Creation Program
Nellore,Manufacturing,2017,34445.0,621.0,14.02185130193186,407,High,274.0756965849969,Increase Investment
Vijayawada,Energy,2018,16151.0,442.0,10.515066939849781,257,Medium,146.47659587413602,Increase Investment
Nellore,Technology,2016,36993.0,665.0,7.8473074488622,305,Low,747.1845945349336,Job Creation Program
Visakhapatnam,Agriculture,2017,5698.0,980.0,11.022145427605508,177,High,676.017025190534,Increase Investment
Vijayawada,Agriculture,2015,22814.0,285.0,13.924470913478523,202,Medium,300.6847421034138,Increase Investment
Visakhapatnam,Technology,2015,42052.0,264.0,-4.551163225019024,344,High,250.98492908594977,Job Creation Program
Visakhapatnam,Healthcare,2014,23355.0,569.0,18.201508891264123,221,High,1025.5665855912928,Increase Investment
Guntur,Healthcare,2019,11842.0,757.0,1.6784711373365084,72,High,842.7060265096374,Job Creation Program
Nellore,Manufacturing,2017,31943.0,468.0,-1.5114537139148938,388,High,875.9263966188782,Job Creation Program
Nellore,Manufacturing,2018,32548.0,263.0,-4.5622811405537265,342,Medium,327.0012006003437,Job Creation Program
Visakhapatnam,Healthcare,2014,20158.0,,16.0458361438924,432,Low,626.3323120432199,Increase Investment
Kakinada,Healthcare,2023,42462.0,337.0,19.071740993462335,74,Medium,760.271767147968,Increase Investment
Visakhapatnam,Energy,2014,15078.0,785.0,1.3715252850631119,199,Medium,874.7664734877454,Job Creation Program
Guntur,Agriculture,2019,22715.0,687.0,4.9863443330019965,177,Medium,719.2561855677237,Job Creation Program
Guntur,Energy,2023,38470.0,444.0,-2.7337942737866063,28,High,828.8619534243875,Job Creation Program
Visakhapatnam,Manufacturing,2017,19862.0,532.0,3.5931180957040105,420,Low,308.11538826914534,Job Creation Program
Guntur,Technology,2021,17854.0,443.0,11.410021330338662,10,Medium,264.54639449340027,Increase Investment
Nellore,Energy,2018,16100.0,255.0,11.513172249665406,351,High,488.35858923664676,Increase Investment
Visakhapatnam,Technology,2023,23432.0,636.0,-3.7677332336888867,282,Medium,904.0372166337387,Job Creation Program
Nellore,Agriculture,2020,34705.0,196.0,14.987402810046941,76,Medium,235.375309507692,Increase Investment
Guntur,Energy,2021,12036.0,168.0,-3.454523924714521,224,Low,173.1963998064796,Job Creation Program
Nellore,Manufacturing,2018,30717.0,,15.559052977067822,23,Medium,148.75999728087612,Increase Investment
Nellore,Manufacturing,2020,30448.0,303.0,1.0866295696120396,377,Low,481.29248759592446,Job Creation Program
Guntur,Healthcare,2018,3560.0,887.0,1.5167098916901978,330,Low,387.45321673929203,Job Creation Program
Guntur,Energy,2020,17588.0,509.0,1.4349494770096296,342,High,272.303892837979,Job Creation Program
Nellore,Energy,2017,13744.0,898.0,5.174275760700176,324,Medium,426.4649963310876,Job Creation Program
Visakhapatnam,Technology,2015,15750.0,663.0,-2.4313522365144733,17,Medium,155.88013467190905,Job Creation Program
Guntur,Technology,2014,15250.0,592.0,0.35002254279310385,42,Low,758.0721334533351,Job Creation Program
Nellore,Agriculture,2020,2725.0,591.0,11.587363321128006,183,Medium,489.4813172278665,Increase Investment
Vijayawada,Manufacturing,2014,29477.0,414.0,3.1875125877225123,33,Low,467.1963021131712,Job Creation Program
Visakhapatnam,Manufacturing,2021,29874.0,139.0,19.335048904688346,124,Low,157.87571797751679,Increase Investment
Nellore,Agriculture,2016,12743.0,,-2.255998749770712,68,Medium,506.51696636366705,Job Creation Program
Kakinada,Technology,2022,39661.0,319.0,14.490952690547509,115,Medium,163.22613908284654,Increase Investment
Visakhapatnam,Healthcare,2019,2533.0,526.0,13.989304803922796,494,Medium,387.5837432686339,Increase Investment
Vijayawada,Technology,2018,38522.0,349.0,19.70115435955518,181,Medium,1052.7570287148476,Increase Investment
Kakinada,Agriculture,2018,41583.0,233.0,-5.318740957357518,350,High,923.607333569357,Job Creation Program
Kakinada,Agriculture,2019,30277.0,95.0,-7.491739309570133,243,Low,128.88284765590836,Job Creation Program
Kakinada,Manufacturing,2015,25714.0,192.0,5.477637890880057,230,Low,967.5170647504897,Job Creation Program
Guntur,Agriculture,2021,2771.0,809.0,10.572044638519689,109,Low,798.5278411256243,Increase Investment
Guntur,Technology,2023,16929.0,403.0,17.598226321152207,161,Low,552.9208520742434,Increase Investment
Vijayawada,Manufacturing,2018,9168.0,915.0,2.5089955430825226,394,Medium,915.9573092192051,Job Creation Program
Kakinada,Technology,2016,20460.0,426.0,-3.7479411449357247,207,Low,801.0337707225738,Job Creation Program
Guntur,Manufacturing,2020,16953.0,757.0,-0.26094690461724657,184,Medium,635.0246319320474,Job Creation Program
Guntur,Energy,2015,19098.0,822.0,4.4436297964731235,173,Medium,575.5266369270091,Job Creation Program
Guntur,Energy,2017,6976.0,610.0,3.58390910822191,141,Low,287.86184556015365,Job Creation Program
Kakinada,Technology,2017,,990.0,-0.2048802091352977,412,High,849.9716859295605,Job Creation Program
Nellore,Agriculture,2023,4772.0,617.0,12.746348834953643,56,Medium,593.644972311664,Increase Investment
Visakhapatnam,Healthcare,2014,34059.0,238.0,11.544673336623077,385,Medium,368.4763225411629,Increase Investment
Visakhapatnam,Manufacturing,2019,48777.0,441.0,-4.6459198627121925,167,Low,425.51149340543924,Job Creation Program
Nellore,Energy,2017,41816.0,547.0,12.694728922747583,282,Medium,619.4401672074293,Increase Investment
Vijayawada,Manufacturing,2020,27214.0,198.0,1.3638623186429708,62,Medium,407.7004473909131,Job Creation Program
Visakhapatnam,Energy,2020,48881.0,765.0,8.173232766770553,470,Low,320.52523066579477,Job Creation Program
Nellore,Technology,2022,31735.0,154.0,9.348654493043842,217,Low,791.3969279192875,Job Creation Program
Visakhapatnam,Technology,2015,33473.0,487.0,19.88764678823899,338,High,653.8528398587239,Increase Investment
Nellore,Agriculture,2023,37767.0,862.0,4.945937503202112,287,High,661.6339812776022,Job Creation Program
Visakhapatnam,Manufacturing,2015,28524.0,790.0,9.009641354652583,46,Medium,550.1761667017554,Job Creation Program
Kakinada,Technology,2022,43058.0,773.0,17.419592350315238,377,High,857.6534488679367,Increase Investment
Nellore,Manufacturing,2019,10464.0,675.0,14.704475812501439,400,Medium,557.2552117343847,Increase Investment
Visakhapatnam,Technology,2021,1299.0,691.0,-3.2598041569210183,170,Low,454.47475327567577,Job Creation Program
Visakhapatnam,Healthcare,2019,20168.0,407.0,18.42113990711241,15,Medium,237.9740394219475,Increase Investment
Vijayawada,Technology,2015,37999.0,678.0,18.712005533718997,487,Medium,730.8673975186148,Increase Investment
Guntur,Technology,2015,8166.0,327.0,8.91205765225158,324,Low,180.14242852286267,Job Creation Program
Vijayawada,Manufacturing,2023,18390.0,663.0,8.249735945125215,291,Medium,902.6957493161801,Job Creation Program
Vijayawada,Technology,2020,32171.0,511.0,-2.124291058349571,265,Medium,647.1448726918337,Job Creation Program
Kakinada,Healthcare,2021,31620.0,213.0,8.980846808222358,215,Low,266.12920370151363,Job Creation Program
Visakhapatnam,Technology,2016,4440.0,571.0,12.963408224894394,445,Low,203.021060964147,Increase Investment
Kakinada,Energy,2014,29432.0,548.0,-2.678070262638145,381,Medium,421.324174960743,Job Creation Program
Vijayawada,Healthcare,2016,19077.0,817.0,18.65982862015811,271,High,670.4507998266918,Increase Investment
Vijayawada,Manufacturing,2021,38993.0,879.0,9.96705023654014,254,High,289.6103715791878,Job Creation Program
Nellore,Manufacturing,2019,18480.0,907.0,0.19028413921107123,277,Low,168.7258771426444,Job Creation Program
Visakhapatnam,Healthcare,2018,12522.0,546.0,-2.3177263377013215,376,High,137.34521419615078,Job Creation Program
Guntur,Manufacturing,2022,1916.0,764.0,7.3049994529853794,158,Low,357.8101958208083,Job Creation Program
Kakinada,Technology,2016,49708.0,220.0,10.591672706415622,215,High,195.30167995411438,Increase Investment
Guntur,Energy,2021,30745.0,236.0,11.042536773401604,164,Medium,159.0603867852278,Increase Investment
Vijayawada,Technology,2022,31086.0,561.0,9.398826766220784,267,High,371.7274181584986,Job Creation Program
Visakhapatnam,Healthcare,2015,3304.0,378.0,17.954313581101857,60,Medium,909.867305336565,Increase Investment
Visakhapatnam,Healthcare,2023,10224.0,276.0,-3.2075062644224452,461,High,202.14728271019405,Job Creation Program
Vijayawada,Technology,2021,7572.0,928.0,-1.708186758181558,288,Medium,295.14802688407514,Job Creation Program
Vijayawada,Manufacturing,2017,12892.0,552.0,14.385990743166833,118,High,498.4106689022809,Increase Investment
Kakinada,Agriculture,2017,14894.0,789.0,-2.8634049276674753,122,Low,381.4077351207036,Job Creation Program
Kakinada,Technology,2018,20054.0,138.0,6.567707402540725,336,High,227.06343621550621,Job Creation Program
Vijayawada,Technology,2015,42430.0,,1.3234792231122467,294,High,409.8793404968194,Job Creation Program
Kakinada,Technology,2017,39771.0,768.0,18.285098709404906,387,High,587.4295580882297,Increase Investment
Kakinada,Energy,2022,21162.0,371.0,2.130978059561696,241,Medium,795.9059286009739,Job Creation Program
Guntur,Technology,2021,27009.0,880.0,11.760170537786735,97,High,986.4895007325233,Increase Investment
Vijayawada,Technology,2014,26470.0,501.0,-4.207298102710944,127,Medium,657.9214365054181,Job Creation Program
Vijayawada,Technology,2016,44327.0,248.0,-2.6483737740667603,68,High,235.43203304031442,Job Creation Program
Visakhapatnam,Agriculture,2014,4766.0,445.0,8.86772446608915,117,High,774.4613738740967,Job Creation Program
Nellore,Technology,2021,37899.0,53.0,16.607592065042304,492,High,914.8020237944725,Increase Investment
Guntur,Energy,2019,11245.0,146.0,15.862269896763003,441,High,502.15891404927396,Increase Investment
Nellore,Agriculture,2021,42250.0,,11.095382917702246,197,High,374.76872549124516,Increase Investment
Vijayawada,Manufacturing,2015,5136.0,419.0,-0.2963828036778704,322,High,687.7581560525897,Job Creation Program
Vijayawada,Healthcare,2021,33711.0,301.0,2.44264323686051,465,Medium,887.3523561429502,Job Creation Program
Kakinada,Manufacturing,2014,33262.0,322.0,-4.006061438177942,351,Medium,690.100482169067,Job Creation Program
Vijayawada,Manufacturing,2021,12304.0,907.0,9.101217761215167,460,Medium,684.5480450942216,Job Creation Program
Kakinada,Energy,2022,3717.0,599.0,18.70605211452116,484,High,250.04925216598173,Increase Investment
Visakhapatnam,Manufacturing,2023,47213.0,704.0,-4.613872311113119,104,Low,565.5183389297637,Job Creation Program
Kakinada,Healthcare,2018,,480.0,4.206088628627903,154,High,510.1892254174139,Job Creation Program
Vijayawada,Technology,2018,24227.0,604.0,15.091630285332904,13,Medium,521.1534469234107,Increase Investment
Kakinada,Technology,2014,,996.0,-3.3434414851391656,490,Medium,232.6993228080139,Job Creation Program
Visakhapatnam,Technology,2015,,712.0,-1.8205974333887136,225,Low,390.03734627427235,Job Creation Program
Vijayawada,Technology,2021,36242.0,593.0,10.401964998015774,235,High,795.6836524382336,Increase Investment
Visakhapatnam,Healthcare,2019,16485.0,822.0,-0.7652347791827836,43,Medium,368.7097701151175,Job Creation Program
Guntur,Agriculture,2020,11190.0,928.0,-3.2631415009602476,496,High,599.7180468710889,Job Creation Program
Nellore,Energy,2016,7305.0,265.0,0.6747483086940251,109,High,352.7880830180392,Job Creation Program
Nellore,Manufacturing,2019,43970.0,415.0,31.840629852894274,113,Low,378.03465347237784,Job Creation Program
Guntur,Technology,2023,5807.0,664.0,12.183340719208498,11,High,782.8973823755445,Increase Investment
Guntur,Technology,2020,23277.0,223.0,3.077737310081476,488,Medium,446.8633542014817,Job Creation Program
Nellore,Healthcare,2018,10160.0,78.0,-1.6458276234350535,182,Low,741.6790636134301,Job Creation Program
Guntur,Energy,2023,34500.0,731.0,16.113309602993937,105,Low,759.7882931978857,Increase Investment
Nellore,Technology,2023,13968.0,918.0,6.061173624159384,204,Low,237.64157386978314,Job Creation Program
Guntur,Technology,2014,16668.0,970.0,16.71692097766826,245,Low,298.1541334833821,Increase Investment
Kakinada,Manufacturing,2016,1746.0,87.0,13.126897762772547,423,Low,403.4204010536121,Increase Investment
Vijayawada,Energy,2023,8184.0,463.0,2.5058087344486433,238,Medium,456.60189444049723,Job Creation Program
Kakinada,Agriculture,2022,25559.0,565.0,-1.614634299422729,94,High,189.8773162082616,Job Creation Program
Kakinada,Healthcare,2015,3289.0,391.0,13.539876169774551,468,High,782.9409158238185,Increase Investment
Guntur,Agriculture,2021,41310.0,329.0,-4.155384698774869,211,High,143.32878434103068,Job Creation Program
Guntur,Manufacturing,2016,4679.0,888.0,12.298725474714175,249,High,491.2126822154619,Increase Investment
Nellore,Technology,2019,33323.0,74.0,7.715194983431358,406,Low,959.7092442877392,Job Creation Program
Kakinada,Agriculture,2016,37037.0,603.0,-8.581215951514132,99,Low,627.2552678123698,Job Creation Program
Nellore,Agriculture,2019,7564.0,606.0,-9.090260864978589,120,Low,785.9130191582298,Job Creation Program
Guntur,Healthcare,2017,30527.0,284.0,6.544320902146152,63,Medium,246.58587136209508,Job Creation Program
Nellore,Healthcare,2019,20077.0,853.0,14.935778673160755,195,High,409.4021920820612,Increase Investment
Vijayawada,Healthcare,2019,29782.0,310.0,12.767976831735282,353,High,496.5807281783794,Increase Investment
Nellore,Healthcare,2014,,360.0,10.403615753359107,338,High,792.4530167120928,Increase Investment
Nellore,Energy,2019,24990.0,86.0,-3.7700333338780654,222,Medium,282.7577713328649,Job Creation Program
Nellore,Healthcare,2023,5415.0,524.0,9.381310214618226,11,Medium,219.15806552459952,Job Creation Program
Kakinada,Energy,2017,46836.0,344.0,18.337354361118393,271,High,1061.0804990022473,Increase Investment
Visakhapatnam,Technology,2022,10294.0,562.0,4.251980076090005,237,Medium,420.8961280276258,Job Creation Program
Kakinada,Healthcare,2017,6321.0,170.0,14.224990294923956,217,High,462.1824835013707,Increase Investment
Vijayawada,Technology,2016,11086.0,759.0,-3.3365559775921576,484,Low,465.67554013007555,Job Creation Program
Vijayawada,Technology,2021,12196.0,601.0,17.793808916612193,277,Medium,995.9407915888393,Increase Investment
Nellore,Agriculture,2017,25869.0,837.0,11.073197342968431,449,Low,301.6826617606458,Increase Investment
Nellore,Manufacturing,2018,26420.0,733.0,-2.786143700702241,481,Medium,808.5775666738525,Job Creation Program
Nellore,Healthcare,2018,11487.0,199.0,9.222506814630052,226,Medium,787.3527885611138,Job Creation Program
Kakinada,Agriculture,2016,9571.0,501.0,-1.7296692910731508,92,Low,140.33435685172353,Job Creation Program
Nellore,Technology,2023,1847.0,,14.818424856730893,498,High,602.1832738559916,Increase Investment
Guntur,Agriculture,2023,49718.0,833.0,-3.6478841931773553,355,High,831.6131246708326,Job Creation Program
Nellore,Agriculture,2015,21202.0,225.0,14.814048966636353,331,High,857.3316101749318,Increase Investment
Guntur,Healthcare,2018,29783.0,677.0,18.61915664750368,407,High,937.0516905036,Increase Investment
Guntur,Healthcare,2021,10198.0,957.0,-1.848205627993536,17,Medium,182.31267214010185,Job Creation Program
Vijayawada,Technology,2023,39813.0,348.0,-0.47567211585330504,136,High,166.3446610368305,Job Creation Program
Guntur,Manufacturing,2014,45753.0,872.0,15.97015837557839,435,Medium,512.2597810350436,Increase Investment
Vijayawada,Technology,2020,7171.0,319.0,9.378461026270179,83,Low,802.9172906738019,Job Creation Program
Kakinada,Manufacturing,2016,21513.0,967.0,14.15469208633509,271,Low,770.8758724748603,Increase Investment
Nellore,Agriculture,2018,3817.0,904.0,10.33483249834864,219,High,716.4268857850717,Increase Investment
Vijayawada,Technology,2019,44400.0,253.0,14.409835601662195,417,High,966.4568840722054,Increase Investment
Kakinada,Agriculture,2015,,903.0,10.834138807915291,296,Medium,934.8322734354751,Increase Investment
Kakinada,Agriculture,2015,40766.0,178.0,1.6719326510614092,372,Medium,196.9760401188893,Job Creation Program
Guntur,Healthcare,2019,27943.0,107.0,-2.4611028512339854,88,Medium,137.36661994917964,Job Creation Program
Kakinada,Healthcare,2023,26454.0,443.0,19.56825262144831,295,Medium,1022.687359113016,Increase Investment
Guntur,Healthcare,2021,17552.0,587.0,15.27536094212402,259,Medium,710.666368730268,Increase Investment
Nellore,Technology,2023,14116.0,141.0,4.277365282685668,458,High,809.0310850485868,Job Creation Program
Visakhapatnam,Energy,2019,13151.0,135.0,4.30513130309536,191,Low,939.8119272591788,Job Creation Program
Visakhapatnam,Technology,2020,11198.0,659.0,-4.487659615277979,142,High,918.4263231353182,Job Creation Program
Kakinada,Manufacturing,2023,5237.0,523.0,-0.9156106511974249,313,Low,650.2113562942375,Job Creation Program
Guntur,Agriculture,2014,34462.0,207.0,13.425734860208195,363,Low,218.79127116063097,Increase Investment
Vijayawada,Healthcare,2020,14241.0,177.0,-7.661103442328125,193,Low,375.6099617267698,Job Creation Program
Nellore,Technology,2023,35395.0,993.0,-2.2071929474395358,142,High,886.0825740319254,Job Creation Program
Kakinada,Energy,2017,10695.0,864.0,4.003808286377204,331,High,623.5929035942991,Job Creation Program
Kakinada,Healthcare,2015,24774.0,487.0,6.235300732411163,393,High,354.3659145668424,Job Creation Program
Kakinada,Energy,2020,11261.0,597.0,3.060087753016237,65,High,365.2687238855069,Job Creation Program
Nellore,Energy,2023,13117.0,532.0,8.146180139327823,452,High,689.337678341224,Job Creation Program
Kakinada,Agriculture,2022,33893.0,931.0,-6.632480988351096,328,Low,237.2516019984513,Job Creation Program
Nellore,Technology,2020,44374.0,230.0,14.911582723911224,79,Low,721.2966402649959,Increase Investment
Vijayawada,Healthcare,2021,14163.0,410.0,0.9936995087162357,367,Medium,622.0741679857366,Job Creation Program
Guntur,Technology,2018,23716.0,232.0,5.516761871235111,77,Medium,433.79888754126546,Job Creation Program
Nellore,Healthcare,2023,7236.0,691.0,13.580506260065157,490,High,414.84129825705025,Increase Investment
Visakhapatnam,Manufacturing,2014,36658.0,301.0,2.4343323018630922,24,Medium,417.3273402286079,Job Creation Program
Guntur,Healthcare,2023,15582.0,695.0,2.0114998473115833,418,High,641.9799239388155,Job Creation Program
Visakhapatnam,Technology,2023,12183.0,644.0,2.5023027298451064,71,Low,985.1148295802025,Job Creation Program
Vijayawada,Healthcare,2020,12859.0,557.0,11.669906049154903,99,Medium,349.0013766937928,Increase Investment
Kakinada,Energy,2016,46237.0,120.0,4.7415957385117125,204,Low,396.68991488621407,Job Creation Program
Nellore,Agriculture,2016,37684.0,425.0,-0.06906044542703782,386,Medium,720.7064931069351,Job Creation Program
Vijayawada,Manufacturing,2016,21483.0,,16.6622193908917,61,Medium,986.4835895523904,Increase Investment
Kakinada,Healthcare,2023,11533.0,944.0,10.389239553298667,472,Medium,1045.0744213831395,Increase Investment
Guntur,Manufacturing,2016,3600.0,966.0,14.973429631073977,406,Medium,309.6433302361746,Increase Investment
Guntur,Healthcare,2023,29540.0,811.0,-2.9488611584254794,327,Low,157.08473600516936,Job Creation Program
Guntur,Technology,2021,19272.0,140.0,7.400363631386449,150,Medium,930.360509083941,Job Creation Program
Guntur,Healthcare,2018,26090.0,602.0,11.888479054082385,202,High,240.56864390557595,Increase Investment
Guntur,Technology,2021,12070.0,330.0,14.10774647128012,389,Low,756.5555633552244,Increase Investment
Visakhapatnam,Healthcare,2019,16095.0,694.0,6.048880040627406,489,Low,646.9792274819542,Job Creation Program
Guntur,Technology,2015,48496.0,868.0,11.151074073256492,401,Low,449.79132295586635,Increase Investment
Vijayawada,Agriculture,2014,38460.0,545.0,-9.354212242015457,321,Low,944.0195432810158,Job Creation Program
Vijayawada,Healthcare,2019,26524.0,351.0,1.5246338521990799,226,Low,727.3514648212188,Job Creation Program
Nellore,Manufacturing,2014,16459.0,644.0,-1.3496196294246405,246,Low,291.30844958650533,Job Creation Program
Kakinada,Manufacturing,2023,22565.0,322.0,14.870989369303945,260,Medium,845.8845857691587,Increase Investment
Kakinada,Manufacturing,2023,16698.0,301.0,10.987547545342903,265,Low,277.07251811148217,Increase Investment
Kakinada,Healthcare,2019,11410.0,587.0,11.336138706769475,173,Medium,586.5431342087368,Increase Investment
Kakinada,Manufacturing,2015,46883.0,126.0,8.206530343207609,191,Medium,759.3402282324416,Job Creation Program
Nellore,Agriculture,2023,35421.0,128.0,-7.137941538302739,180,High,740.8634348309724,Job Creation Program
Nellore,Manufacturing,2017,48378.0,749.0,4.647602646747375,418,High,384.8105438241378,Job Creation Program
Kakinada,Energy,2019,49330.0,968.0,13.247440420416716,466,Medium,465.2352232696338,Increase Investment
Vijayawada,Agriculture,2016,16787.0,,-4.095141042720776,82,High,194.62460050182568,Job Creation Program
Nellore,Technology,2022,26741.0,183.0,14.810959184990146,403,Medium,384.104055308532,Increase Investment
Vijayawada,Energy,2020,22352.0,996.0,12.925435034119154,62,High,902.7373329398267,Increase Investment
Kakinada,Agriculture,2022,12017.0,712.0,11.935025733534328,438,Medium,186.97738322276442,Increase Investment
Visakhapatnam,Healthcare,2023,5825.0,697.0,18.773502267715447,14,High,1110.8513108059767,Increase Investment
Guntur,Energy,2020,44524.0,834.0,19.771934671848985,67,High,418.8979351632205,Increase Investment
Kakinada,Manufacturing,2017,38305.0,739.0,11.125442031395956,76,Medium,852.2170166120161,Increase Investment
Vijayawada,Agriculture,2022,24829.0,306.0,-4.916967734795588,367,Medium,793.9540787315256,Job Creation Program
Kakinada,Healthcare,2023,,987.0,11.189154151118384,419,High,545.4369514715385,Increase Investment
Vijayawada,Healthcare,2018,18981.0,430.0,-2.2914998557265265,322,High,632.1465506203759,Job Creation Program
Nellore,Healthcare,2016,8762.0,,-1.4467251576986344,261,Low,451.2963835962915,Job Creation Program
Vijayawada,Healthcare,2017,14607.0,285.0,12.002753528017056,31,Medium,272.2078475548486,Increase Investment
Visakhapatnam,Energy,2022,6357.0,371.0,16.056338210911893,314,Medium,365.5690147624831,Increase Investment
Vijayawada,Energy,2018,20476.0,967.0,38.980173683596895,74,Low,281.2345698800955,Job Creation Program
Kakinada,Healthcare,2019,14590.0,375.0,5.526737075225711,411,Medium,887.7252640320964,Job Creation Program
Visakhapatnam,Agriculture,2020,5344.0,373.0,9.25495514611362,68,Low,402.5209826950038,Job Creation Program
Visakhapatnam,Technology,2018,4852.0,382.0,1.381050902723243,105,Low,661.2756144484027,Job Creation Program
Guntur,Agriculture,2021,8691.0,422.0,-7.570355609499268,379,Medium,823.0530993279131,Job Creation Program
Vijayawada,Energy,2014,,738.0,-2.45115728363358,39,High,655.9104592467842,Job Creation Program
Kakinada,Technology,2018,46982.0,159.0,0.598913793438359,407,High,287.952272931567,Job Creation Program
Guntur,Manufacturing,2015,35940.0,369.0,0.5922517063032,155,Low,979.1854087962588,Job Creation Program
Kakinada,Healthcare,2022,40442.0,152.0,10.706248523688274,328,High,349.2734977560062,Increase Investment
Kakinada,Energy,2023,6072.0,493.0,13.40744165527196,90,Low,349.09868736049077,Increase Investment
Kakinada,Agriculture,2022,34764.0,117.0,-0.8707554045935915,149,Low,682.9812161766255,Job Creation Program
Visakhapatnam,Energy,2018,29190.0,991.0,3.1456560425767854,434,Medium,605.1734513819359,Job Creation Program
Guntur,Agriculture,2018,19164.0,511.0,5.739890727521507,310,Medium,416.3308416176349,Job Creation Program
Guntur,Technology,2023,,306.0,17.76979949012354,258,Medium,306.37558643977803,Increase Investment
Vijayawada,Manufacturing,2021,25287.0,534.0,2.5237247163770418,247,Medium,989.4766899854534,Job Creation Program
Visakhapatnam,Manufacturing,2022,8125.0,632.0,2.633260543142006,485,Medium,787.6422066326575,Job Creation Program
Guntur,Agriculture,2022,14672.0,,-3.0136211169967195,378,Medium,808.1428478932062,Job Creation Program
Nellore,Manufacturing,2022,25054.0,312.0,17.789918834598605,425,Low,822.5045467639477,Increase Investment
Visakhapatnam,Agriculture,2015,11490.0,62.0,-1.8434701133233453,66,Low,534.8570485297395,Job Creation Program
Visakhapatnam,Technology,2018,29289.0,684.0,2.74857370502042,125,Medium,410.8002441423397,Job Creation Program
Guntur,Energy,2022,15324.0,259.0,8.145580989946062,187,Medium,676.0970547639603,Job Creation Program
Visakhapatnam,Manufacturing,2017,16627.0,959.0,7.021995895717492,15,High,573.3409406399307,Job Creation Program
Vijayawada,Manufacturing,2020,35475.0,607.0,13.168229777499175,225,Low,866.93115474942,Increase Investment
Kakinada,Agriculture,2016,32896.0,863.0,-7.8326109670908775,187,High,638.4045673540057,Job Creation Program
Kakinada,Agriculture,2019,,117.0,5.089386588538737,16,High,281.9545823085903,Job Creation Program
Visakhapatnam,Healthcare,2020,21155.0,869.0,15.700457649883163,496,Medium,713.4369769774846,Increase Investment
Nellore,Technology,2014,35299.0,104.0,-3.9263289870767086,132,High,186.91661785344021,Job Creation Program
Visakhapatnam,Agriculture,2019,9087.0,988.0,-9.67966758484422,298,Medium,27.36488426173912,Job Creation Program
Guntur,Healthcare,2020,40034.0,813.0,7.571014668830211,346,Medium,487.55234925758964,Job Creation Program
Vijayawada,Healthcare,2021,28707.0,94.0,-0.7819545864853712,40,Low,421.26496268870375,Job Creation Program
Visakhapatnam,Healthcare,2017,10949.0,728.0,10.05248713883276,351,Medium,285.1821063707025,Increase Investment
Nellore,Agriculture,2020,19855.0,316.0,14.735407277178165,60,High,433.563886995883,Increase Investment
Visakhapatnam,Agriculture,2021,19169.0,936.0,9.072722944072577,298,High,348.92068675651933,Job Creation Program
Visakhapatnam,Healthcare,2017,33081.0,204.0,-3.7665769260278714,268,Low,386.31618307090315,Job Creation Program
Nellore,Agriculture,2015,,431.0,-5.335547466976214,44,High,951.0037904173325,Job Creation Program
Guntur,Technology,2015,28419.0,981.0,6.7645535150504905,407,Medium,228.36026998264532,Job Creation Program
Kakinada,Manufacturing,2016,21813.0,956.0,5.568008068078852,310,High,1028.2301571308337,Job Creation Program
Nellore,Healthcare,2017,32829.0,945.0,5.294955615165083,156,Medium,284.03733056331004,Job Creation Program
Kakinada,Agriculture,2015,47794.0,374.0,-3.561189041365103,102,High,883.6811529852945,Job Creation Program
Guntur,Manufacturing,2023,37211.0,256.0,7.97621794317223,437,Low,906.419117934521,Job Creation Program
Visakhapatnam,Manufacturing,2016,19725.0,374.0,7.188185530517758,136,High,585.8838138841364,Job Creation Program
Kakinada,Energy,2022,22017.0,775.0,3.792055493569098,338,Medium,721.3884300751605,Job Creation Program
Visakhapatnam,Healthcare,2014,2467.0,806.0,8.288151888125169,210,Medium,526.8025042182888,Job Creation Program
Kakinada,Technology,2015,49739.0,70.0,-4.089332187184659,113,High,489.1374674689707,Job Creation Program
Kakinada,Energy,2017,24403.0,424.0,11.304769628282017,153,High,152.93222322391574,Increase Investment
Guntur,Healthcare,2022,24119.0,224.0,11.893336256599262,280,Medium,913.6410732147823,Increase Investment
Vijayawada,Energy,2015,21420.0,605.0,-4.0495582633379055,401,High,305.50017250680565,Job Creation Program
Visakhapatnam,Energy,2020,37274.0,,15.259071813686248,368,Medium,945.5756627302595,Increase Investment
Kakinada,Manufacturing,2020,29838.0,801.0,-0.14672437360617874,157,Low,720.8247377674145,Job Creation Program
Nellore,Agriculture,2016,26063.0,514.0,6.2455811077873165,365,Medium,953.1022868940267,Job Creation Program
Vijayawada,Healthcare,2019,25939.0,570.0,3.439611444538734,21,High,535.6057852338707,Job Creation Program
Guntur,Manufacturing,2019,41193.0,917.0,13.02222219905487,151,High,964.4137775653331,Increase Investment
Kakinada,Healthcare,2017,43977.0,478.0,3.9991011574436754,199,Low,182.11570353258077,Job Creation Program
Guntur,Technology,2020,22402.0,702.0,17.998125177312936,104,Medium,431.5867096861842,Job Creation Program
Vijayawada,Energy,2014,12271.0,598.0,16.028736461476562,354,Low,947.8518440396299,Increase Investment
Guntur,Technology,2022,13764.0,734.0,17.255577836554654,39,High,319.6559413203112,Increase Investment
Kakinada,Manufacturing,2023,13217.0,171.0,3.2037094053626696,148,High,825.4783430831702,Job Creation Program
Guntur,Technology,2014,26811.0,297.0,0.012426767126695992,65,Low,558.0369074983663,Job Creation Program
Visakhapatnam,Energy,2018,37398.0,783.0,-0.7980884790627014,453,High,376.7509672089391,Job Creation Program
Nellore,Energy,2021,41456.0,839.0,19.075116928264737,267,High,531.0402310281412,Increase Investment
Guntur,Healthcare,2022,5006.0,112.0,15.05352001291817,50,High,392.8599424144684,Increase Investment
Guntur,Manufacturing,2016,38888.0,465.0,19.195655871089507,342,Medium,205.2597998005662,Increase Investment
Guntur,Manufacturing,2023,28762.0,252.0,-0.5334198667199042,203,Medium,976.6557819358659,Job Creation Program
Guntur,Manufacturing,2018,2775.0,962.0,19.85046729535973,217,Low,639.9614953813606,Increase Investment
Visakhapatnam,Technology,2014,34900.0,978.0,4.718003529904898,272,Medium,294.1420745224699,Job Creation Program
Nellore,Healthcare,2023,17978.0,862.0,12.23277020402648,34,High,767.4464791587083,Increase Investment
Vijayawada,Healthcare,2021,19015.0,431.0,-1.6518912199600981,159,Medium,486.88034884197197,Job Creation Program
Vijayawada,Manufacturing,2014,25742.0,365.0,15.907444335153162,447,Low,655.0621718233091,Increase Investment
Vijayawada,Energy,2017,36720.0,416.0,16.262459963985158,114,High,720.6518334501783,Increase Investment
Guntur,Technology,2016,45647.0,924.0,-2.722569764066991,245,Medium,325.843455380021,Job Creation Program
Guntur,Manufacturing,2016,3067.0,837.0,18.219465201935225,235,High,352.4969237401979,Increase Investment
Guntur,Energy,2018,11266.0,664.0,1.4424114050594339,177,High,594.5776117295947,Job Creation Program
Visakhapatnam,Agriculture,2023,40600.0,419.0,4.931293256700135,287,High,733.6621187455736,Job Creation Program
Kakinada,Agriculture,2014,42499.0,96.0,-9.259154519082667,160,High,147.11121166168064,Job Creation Program
Vijayawada,Agriculture,2015,9433.0,514.0,13.468269162580512,255,Low,808.2269034956638,Increase Investment
Vijayawada,Technology,2020,9763.0,535.0,10.821597171142745,158,Low,726.8955448656137,Increase Investment
Visakhapatnam,Agriculture,2021,42664.0,446.0,7.2764341030855455,362,Medium,335.4528960997615,Job Creation Program
Nellore,Manufacturing,2022,4148.0,877.0,4.536758585359898,65,Medium,600.7873727936063,Job Creation Program
Visakhapatnam,Energy,2016,23963.0,434.0,2.1880584286021207,283,High,968.4961735801332,Job Creation Program
Vijayawada,Energy,2016,10427.0,632.0,19.31367201099465,391,Medium,278.0624071094862,Increase Investment
Vijayawada,Energy,2021,3184.0,223.0,1.6448618372209802,272,High,914.6680418970028,Job Creation Program
Nellore,Manufacturing,2016,39885.0,767.0,2.2857196966152893,391,Medium,747.5314700730393,Job Creation Program
Guntur,Energy,2023,33849.0,357.0,13.297194096468132,285,Medium,710.4709829243913,Increase Investment
Visakhapatnam,Technology,2019,44591.0,207.0,16.341486244529417,243,High,307.8268765261759,Increase Investment
Visakhapatnam,Energy,2021,33029.0,,-4.296179409498634,225,High,359.00811457253326,Job Creation Program
Nellore,Healthcare,2019,36353.0,661.0,0.3321891191123765,279,High,628.1957700773328,Job Creation Program
Guntur,Technology,2021,34923.0,995.0,12.480048231148604,433,High,260.1764798999286,Increase Investment
Guntur,Manufacturing,2018,4974.0,506.0,-4.464690109879353,146,High,112.40866804401047,Job Creation Program
Kakinada,Agriculture,2020,37202.0,905.0,11.93838942608378,415,Medium,871.0424243060583,Increase Investment
Kakinada,Energy,2017,42591.0,854.0,65.25767727400451,134,High,992.3251409799996,Increase Investment
Kakinada,Technology,2014,4356.0,404.0,12.060117766886162,476,Low,704.7228757782201,Increase Investment
Nellore,Technology,2019,40771.0,832.0,5.082174603651692,192,Medium,690.283692702382,Job Creation Program
Kakinada,Healthcare,2017,43579.0,,6.563652399298064,130,Medium,592.5979637856265,Job Creation Program
Guntur,Energy,2017,6062.0,,-4.53978596629289,457,Low,204.898724868647,Job Creation Program
Guntur,Technology,2015,37652.0,136.0,-4.8476023754532624,201,Medium,845.4072607693836,Job Creation Program
Visakhapatnam,Technology,2017,1372.0,443.0,3.3172670332802703,406,Medium,172.6954929574316,Job Creation Program
Kakinada,Energy,2023,15738.0,224.0,16.11581679385706,335,Low,589.0994296182398,Increase Investment
Guntur,Agriculture,2018,49260.0,739.0,-5.702806262419305,420,Medium,913.8562617207214,Job Creation Program
Visakhapatnam,Agriculture,2021,32169.0,488.0,-1.3593321743987836,221,High,218.36645898893394,Job Creation Program
Kakinada,Healthcare,2018,23468.0,973.0,16.76313600883148,478,Low,268.10531336593033,Increase Investment
Vijayawada,Manufacturing,2014,36030.0,792.0,9.602637573595207,414,Medium,958.0528895828741,Job Creation Program
Kakinada,Energy,2021,22295.0,240.0,9.577769734632934,213,Medium,660.986647363119,Job Creation Program
Guntur,Healthcare,2017,41164.0,,17.330052776203022,394,Medium,924.2515575696802,Increase Investment
Kakinada,Manufacturing,2017,8460.0,753.0,13.107383823339866,278,Low,636.6986001897492,Increase Investment
Visakhapatnam,Agriculture,2021,9389.0,448.0,-0.20767175021907924,480,High,827.0696305590185,Job Creation Program
Kakinada,Agriculture,2015,49949.0,235.0,7.943419842665406,441,High,620.6670366302637,Job Creation Program
Kakinada,Technology,2020,46047.0,707.0,14.518154142358739,370,Low,1081.6433497864764,Increase Investment
Kakinada,Healthcare,2021,5535.0,,13.802346119286252,52,Medium,890.3936364848937,Increase Investment
Nellore,Manufacturing,2023,13953.0,542.0,13.976862834940267,390,Low,201.75459656537623,Increase Investment
Nellore,Technology,2018,9293.0,504.0,-4.316142859403744,413,Medium,887.2466399886051,Job Creation Program
Guntur,Manufacturing,2015,16383.0,387.0,0.8095162134575329,297,Medium,619.1328277460807,Job Creation Program
Guntur,Agriculture,2019,5286.0,301.0,-1.728997372537565,362,Medium,969.7957179086619,Job Creation Program
Guntur,Manufacturing,2021,10747.0,248.0,2.8652669387394427,419,Low,749.1058620080738,Job Creation Program
Visakhapatnam,Healthcare,2017,15550.0,629.0,2.6278563001075304,201,Low,507.52921612767636,Job Creation Program
Guntur,Manufacturing,2020,12936.0,78.0,-1.1563542683527421,432,Low,971.0980436706849,Job Creation Program
Vijayawada,Technology,2015,21232.0,334.0,5.274959342054082,133,Medium,169.61836420246064,Job Creation Program
Nellore,Energy,2019,27745.0,531.0,10.61638813221376,409,Medium,816.3730209820551,Increase Investment
Guntur,Manufacturing,2015,35985.0,750.0,-0.30385721795013865,437,High,470.721070865374,Job Creation Program
Visakhapatnam,Technology,2014,38603.0,318.0,-3.047370326889544,380,Low,324.30936236049126,Job Creation Program
Nellore,Energy,2015,26591.0,491.0,10.281272203523194,171,Low,675.4810465192988,Increase Investment
Vijayawada,Technology,2014,26765.0,463.0,0.19572010732799505,133,Medium,981.9061840969287,Job Creation Program
Guntur,Healthcare,2015,23851.0,955.0,4.273701940754172,89,Low,999.8138535342024,Job Creation Program
Visakhapatnam,Agriculture,2023,34172.0,321.0,-8.38080617515855,439,Medium,965.0976121777411,Job Creation Program
Kakinada,Healthcare,2022,7206.0,265.0,0.7511456429764465,116,Low,358.99053595388756,Job Creation Program
Nellore,Energy,2016,10225.0,911.0,0.6768329170076157,203,High,680.1659478739393,Job Creation Program
Visakhapatnam,Healthcare,2015,17867.0,890.0,17.182466748104996,263,High,1086.9239540581345,Increase Investment
Vijayawada,Agriculture,2021,12319.0,122.0,-0.04519118332161298,61,Low,360.9448667563476,Job Creation Program
Guntur,Manufacturing,2023,6404.0,888.0,2.631692787076327,308,Low,413.36943194923776,Job Creation Program
Nellore,Manufacturing,2019,18704.0,994.0,13.562686416943194,13,Medium,938.8131029844153,Increase Investment
Guntur,Agriculture,2014,14730.0,53.0,1.9826753581875032,361,Medium,495.05081793983936,Job Creation Program
Guntur,Energy,2020,43605.0,465.0,-3.071618060629817,115,Low,722.7169760180714,Job Creation Program
Vijayawada,Energy,2015,19730.0,905.0,-2.6619175918250675,139,High,690.9096457939831,Job Creation Program
Vijayawada,Technology,2023,43666.0,424.0,19.042149880556398,119,High,1014.7387154935591,Increase Investment
Nellore,Energy,2014,48417.0,,6.488455254816163,421,Medium,245.96548938063933,Job Creation Program
Vijayawada,Healthcare,2014,20012.0,197.0,12.842391483077403,195,Low,646.2995112216624,Increase Investment
Nellore,Technology,2015,,346.0,4.568011019135113,45,Medium,228.80531812620748,Job Creation Program
Guntur,Energy,2020,25432.0,556.0,18.354781743665598,449,High,498.0525864947807,Increase Investment
Visakhapatnam,Agriculture,2023,34122.0,368.0,-3.8868392135288605,102,Low,642.6964316942137,Job Creation Program
Visakhapatnam,Technology,2019,35973.0,541.0,11.06150836170736,18,High,1055.8427602368367,Increase Investment
Guntur,Manufacturing,2022,18568.0,463.0,-2.801389379864351,202,Medium,658.0295671712281,Job Creation Program
Nellore,Healthcare,2015,38338.0,430.0,11.212628451788436,95,High,1010.2143023426903,Increase Investment
Vijayawada,Manufacturing,2015,19239.0,658.0,10.654413567311678,43,High,575.1060412729108,Increase Investment
Nellore,Healthcare,2017,23575.0,740.0,10.87842620289566,104,Low,1024.5003539014278,Increase Investment
Visakhapatnam,Manufacturing,2019,37478.0,90.0,7.607870425175957,56,Low,177.84708338265835,Job Creation Program
Guntur,Technology,2016,29283.0,202.0,13.254025121082794,433,Low,717.7731307445872,Increase Investment
Visakhapatnam,Agriculture,2014,26575.0,195.0,10.951204839864644,174,High,767.3548494377361,Increase Investment
Guntur,Healthcare,2020,,575.0,5.728439773881979,11,Low,309.9385286998214,Job Creation Program
Vijayawada,Healthcare,2016,19404.0,784.0,5.292190612850682,478,High,635.4907744047493,Job Creation Program
Guntur,Healthcare,2015,16008.0,650.0,14.815826067922178,150,Medium,908.3028694414942,Increase Investment
Vijayawada,Energy,2016,49926.0,,12.25994058018987,263,Low,296.1031923801025,Increase Investment
Vijayawada,Healthcare,2021,13591.0,904.0,18.8769805624991,448,Medium,655.6479042849919,Increase Investment
Nellore,Technology,2015,20433.0,744.0,17.467357582988594,315,High,1090.957140417435,Increase Investment
Visakhapatnam,Technology,2019,12093.0,167.0,16.897806412537484,334,High,368.2193367089376,Increase Investment
Guntur,Energy,2022,36225.0,788.0,3.4044911168359686,155,Medium,615.8273900006674,Job Creation Program
Nellore,Energy,2022,26089.0,994.0,-4.814696838096714,224,High,370.14191342931866,Job Creation Program
Guntur,Healthcare,2015,10003.0,229.0,7.568880186615081,423,Low,691.3327356273485,Job Creation Program
Vijayawada,Manufacturing,2014,30941.0,227.0,0.21672421596762703,217,High,649.4919639702465,Job Creation Program
Visakhapatnam,Manufacturing,2019,2713.0,74.0,17.78480426422619,423,High,915.2901887888819,Job Creation Program
Visakhapatnam,Manufacturing,2019,5358.0,923.0,19.733429406390563,310,Low,1011.1395534209848,Increase Investment
Nellore,Energy,2021,9933.0,361.0,8.567586806237596,396,Low,779.9289883705177,Job Creation Program
Vijayawada,Healthcare,2015,42415.0,472.0,13.91026749582548,365,High,574.6564625802963,Increase Investment
Vijayawada,Manufacturing,2019,19668.0,,2.7941257825347803,237,Medium,521.2500414909274,Job Creation Program
Nellore,Energy,2014,32242.0,769.0,0.352171697934355,90,Low,918.7082003571152,Job Creation Program
Nellore,Technology,2021,24903.0,655.0,18.171618648179145,146,High,349.0241021455734,Increase Investment
Guntur,Technology,2023,39122.0,180.0,13.161539285090498,311,Medium,781.6907707131629,Increase Investment
Visakhapatnam,Technology,2023,14381.0,431.0,17.819344198094257,485,Low,683.8013734937863,Increase Investment
Visakhapatnam,Energy,2021,7094.0,,-1.5240537939149963,218,High,910.647081653387,Job Creation Program
Visakhapatnam,Agriculture,2023,45641.0,746.0,0.049800436332809284,482,Medium,365.3715112550428,Job Creation Program
Kakinada,Energy,2022,25805.0,677.0,0.39594445274443935,330,High,129.68054394507985,Job Creation Program
Visakhapatnam,Agriculture,2017,18802.0,481.0,0.05102047284453448,306,Low,244.2454084743822,Job Creation Program
Guntur,Energy,2023,44418.0,446.0,18.40189099696004,407,Low,283.07243384644175,Increase Investment
Nellore,Healthcare,2014,42170.0,716.0,-4.357976089410085,85,High,957.7968911998238,Job Creation Program
Vijayawada,Technology,2016,3464.0,433.0,-1.2151633953888168,392,Medium,136.7383424979664,Job Creation Program
Guntur,Energy,2015,18267.0,529.0,18.059777597263324,25,Medium,720.536223489523,Increase Investment
Guntur,Energy,2020,26156.0,201.0,4.721099971163399,439,Low,861.4894109420384,Job Creation Program
Vijayawada,Manufacturing,2017,23590.0,445.0,8.97720591660733,301,Low,800.9485663289026,Job Creation Program
Kakinada,Technology,2018,42225.0,157.0,17.989481908976067,347,Medium,366.24348659709244,Increase Investment
Vijayawada,Agriculture,2014,30893.0,938.0,10.380190695605986,343,Low,480.36618872478414,Increase Investment
Nellore,Healthcare,2023,,625.0,-3.9326257585837947,495,High,76.42108900885128,Job Creation Program
Guntur,Energy,2021,2321.0,680.0,18.330295068537627,140,Medium,618.6460064660558,Increase Investment
Nellore,Agriculture,2021,40342.0,,4.064502297524815,286,Medium,849.7366934175449,Job Creation Program
Nellore,Technology,2023,12682.0,273.0,-0.4700986538663674,119,Medium,174.7166306749448,Job Creation Program
Nellore,Technology,2014,41562.0,520.0,19.543120025673222,113,High,1009.6242241335008,Increase Investment
Vijayawada,Manufacturing,2019,,217.0,9.0665397752573,439,Medium,720.6743913123083,Job Creation Program
Vijayawada,Energy,2021,9175.0,583.0,73.34400299898049,442,Medium,856.8988843710141,Increase Investment
Visakhapatnam,Energy,2023,49248.0,606.0,18.37772465847101,13,Low,999.3690114303344,Increase Investment
Nellore,Manufacturing,2018,16641.0,,9.174991293751862,358,Medium,1052.775438533888,Job Creation Program
Vijayawada,Technology,2016,45649.0,774.0,-2.944278680558261,141,Low,198.21128301247907,Job Creation Program
Vijayawada,Agriculture,2022,2136.0,388.0,-3.8134965463400503,183,Medium,369.2036334002006,Job Creation Program
Kakinada,Agriculture,2018,31166.0,325.0,17.266240912064106,267,Low,145.02882074105207,Job Creation Program
Vijayawada,Manufacturing,2022,16574.0,331.0,-4.282050161436974,27,High,86.82641396564361,Job Creation Program
Guntur,Technology,2017,17894.0,823.0,11.47095539415405,52,Medium,834.4059628938878,Increase Investment
Vijayawada,Healthcare,2022,,642.0,-3.0480150637518753,74,Medium,737.4317432907129,Job Creation Program
Kakinada,Agriculture,2021,3435.0,114.0,-8.34577271701755,232,Low,784.4858191026,Job Creation Program
Nellore,Technology,2020,42842.0,500.0,8.53983199486231,240,Low,260.69915997431156,Job Creation Program
Kakinada,Manufacturing,2014,33225.0,,13.744518587900721,145,Low,436.79210676657704,Increase Investment
Visakhapatnam,Healthcare,2015,9911.0,126.0,9.359596874386368,179,High,458.79309206172684,Job Creation Program
Nellore,Agriculture,2022,10333.0,185.0,-3.847269071595724,39,High,402.8825522175479,Job Creation Program
Nellore,Agriculture,2020,38633.0,651.0,6.088759036610533,450,Medium,637.6378213283346,Job Creation Program
Guntur,Healthcare,2022,34845.0,553.0,-3.6630082615878425,234,High,240.74356431341923,Job Creation Program
Vijayawada,Manufacturing,2015,21360.0,424.0,17.208580441271934,312,Medium,549.964381070993,Increase Investment
Visakhapatnam,Agriculture,2020,17179.0,261.0,11.221830531393707,142,Low,405.2889776869376,Increase Investment
Nellore,Healthcare,2021,24357.0,78.0,7.865344111188795,417,Medium,609.1349684067272,Job Creation Program
Nellore,Manufacturing,2022,3380.0,426.0,8.007570637670737,191,Low,877.1122509164774,Job Creation Program
Kakinada,Manufacturing,2014,46256.0,408.0,14.201900463887043,128,Medium,311.9437538926591,Increase Investment
Guntur,Healthcare,2023,9897.0,416.0,6.123690057133862,427,High,152.47455063767686,Job Creation Program
Nellore,Energy,2020,3402.0,572.0,0.6279290257069761,273,High,171.5917540270439,Job Creation Program
Guntur,Energy,2019,49077.0,354.0,-4.9310087873679755,97,Low,446.54422889271734,Job Creation Program
Nellore,Healthcare,2018,25630.0,190.0,2.381558944261851,494,Low,745.5249619940976,Job Creation Program
Vijayawada,Energy,2021,31664.0,728.0,15.25941878401132,380,High,442.0885687476024,Increase Investment
Visakhapatnam,Agriculture,2023,15802.0,308.0,10.107643013617508,275,Medium,417.1315404819419,Increase Investment
Vijayawada,Technology,2023,18887.0,781.0,18.612301152626248,448,Low,321.362072002011,Increase Investment
Kakinada,Technology,2017,15138.0,159.0,3.509836705907576,279,Medium,792.5806403623931,Job Creation Program
Kakinada,Energy,2014,3397.0,196.0,7.858804028822913,323,Medium,976.403255896493,Job Creation Program
Kakinada,Manufacturing,2015,25614.0,369.0,59.16193619232243,465,High,1044.5768861374174,Increase Investment
Nellore,Manufacturing,2022,18614.0,288.0,12.45430111320253,61,Low,167.86838720602327,Increase Investment
Visakhapatnam,Healthcare,2019,47264.0,,18.626974427419764,451,Low,317.5861479920986,Increase Investment
Guntur,Technology,2020,8611.0,191.0,-3.964534554223829,216,Medium,488.4277390014325,Job Creation Program
Nellore,Agriculture,2014,25792.0,678.0,14.117439011105095,260,Medium,950.7162364952926,Increase Investment
Nellore,Healthcare,2017,9427.0,809.0,9.72162871547074,236,High,531.6479763081583,Job Creation Program
Vijayawada,Agriculture,2020,,702.0,13.723886804522643,368,Medium,252.34168536774894,Increase Investment
Vijayawada,Energy,2015,3112.0,,2.246952317463185,365,Low,245.74043207747403,Job Creation Program
Vijayawada,Energy,2015,24306.0,869.0,3.815520859097333,173,High,419.1568762655558,Job Creation Program
Visakhapatnam,Healthcare,2022,18778.0,625.0,13.391527162256008,382,High,1079.6970447641002,Increase Investment
Nellore,Agriculture,2016,24276.0,124.0,58.20847400575781,38,Low,658.0446269417849,Increase Investment
Nellore,Manufacturing,2020,36691.0,238.0,15.132282074276645,351,Low,456.0148313367784,Increase Investment
Visakhapatnam,Energy,2017,23642.0,501.0,9.495257511025573,145,Medium,748.5712401302382,Job Creation Program
Kakinada,Manufacturing,2019,2142.0,795.0,18.267745752142854,204,High,271.2285787295357,Increase Investment
Guntur,Manufacturing,2020,8992.0,350.0,8.502823570093353,424,Medium,139.75988249532674,Job Creation Program
Guntur,Agriculture,2017,3848.0,767.0,5.85003642829308,416,High,992.8697794050079,Job Creation Program
Nellore,Manufacturing,2020,9924.0,330.0,9.419811330014012,223,Low,717.0853773890462,Job Creation Program
Visakhapatnam,Manufacturing,2015,,961.0,9.877778658184496,434,High,214.925452905153,Job Creation Program
Kakinada,Healthcare,2017,3902.0,107.0,3.337101044237203,54,High,680.5706981173338,Job Creation Program
Kakinada,Energy,2017,30393.0,351.0,0.38433440227562876,116,High,506.34901375198746,Job Creation Program
Kakinada,Healthcare,2014,48665.0,876.0,15.834376585937143,493,Medium,533.7091388928094,Increase Investment
Nellore,Technology,2022,15206.0,848.0,3.245093584400525,210,Low,869.5183935957165,Job Creation Program
Guntur,Technology,2020,17839.0,783.0,9.717311610902733,267,Medium,657.0865499133683,Job Creation Program
Guntur,Technology,2017,24443.0,361.0,11.943422419172105,313,High,790.1157549332113,Increase Investment
Guntur,Agriculture,2018,30797.0,844.0,11.83011099431711,322,Medium,692.8461367920364,Increase Investment
Nellore,Healthcare,2023,31595.0,,4.849500784108574,136,Low,786.2341229482482,Job Creation Program
Vijayawada,Technology,2018,26602.0,,-3.6215816209681906,64,Medium,533.4190689213693,Job Creation Program
Visakhapatnam,Agriculture,2021,12509.0,119.0,-5.74768254128283,499,High,790.1602577758734,Job Creation Program
Guntur,Agriculture,2016,32216.0,685.0,7.808080273157305,494,Medium,747.4853498711275,Job Creation Program
Kakinada,Energy,2015,14499.0,68.0,14.59265812791416,260,Medium,990.9230075269817,Increase Investment
Vijayawada,Agriculture,2019,5748.0,856.0,3.0519869704659897,397,Low,771.1250084671889,Job Creation Program
Nellore,Technology,2021,19529.0,325.0,0.5161390225407034,252,Medium,533.6774518232573,Job Creation Program
Nellore,Energy,2017,11256.0,602.0,-3.8795550915216093,281,Medium,853.6450783490399,Job Creation Program
Vijayawada,Energy,2022,33355.0,393.0,19.894428026773177,192,Medium,245.1851021452186,Increase Investment
Visakhapatnam,Agriculture,2017,44117.0,162.0,7.9237686329178985,52,Low,919.836505185327,Job Creation Program
Visakhapatnam,Manufacturing,2018,43229.0,961.0,16.086923379276172,473,High,352.595333674844,Increase Investment
Guntur,Healthcare,2017,8530.0,319.0,-0.44430524055528586,237,High,950.5826662826287,Job Creation Program
Vijayawada,Energy,2018,,864.0,2.8479281402348056,450,Medium,148.60609913162872,Job Creation Program
Visakhapatnam,Manufacturing,2014,26474.0,839.0,19.216469933362745,396,Medium,603.2261827409134,Increase Investment
Kakinada,Manufacturing,2014,6010.0,211.0,13.862281179587558,101,High,778.2494132889298,Increase Investment
Visakhapatnam,Manufacturing,2018,37512.0,599.0,19.45334523580472,185,High,503.52553796247025,Increase Investment
Guntur,Healthcare,2017,29889.0,862.0,-4.16381725169022,188,High,480.1078952904303,Job Creation Program
Nellore,Technology,2023,20754.0,897.0,11.253460299302265,403,Medium,221.94353888474132,Increase Investment
Guntur,Manufacturing,2015,33669.0,,-0.8914703617338882,24,High,820.1414865285503,Job Creation Program
Vijayawada,Technology,2017,3194.0,817.0,16.37819591719003,58,Medium,805.8098606434426,Increase Investment
Guntur,Manufacturing,2021,18103.0,703.0,9.822185108919639,372,High,802.0499613157051,Job Creation Program
Nellore,Healthcare,2017,23617.0,168.0,18.652986749987942,273,High,223.33701773997973,Increase Investment
Nellore,Technology,2022,23246.0,867.0,10.405485821031528,151,Low,580.2155620683434,Increase Investment
Guntur,Technology,2015,24049.0,291.0,18.685749954520656,197,Medium,580.3755323676551,Increase Investment
Visakhapatnam,Technology,2022,,297.0,9.123094625949422,429,Low,555.0955910390697,Job Creation Program
Kakinada,Healthcare,2017,42353.0,669.0,-0.28971508247188194,301,High,668.0618060982631,Job Creation Program
Vijayawada,Agriculture,2014,38983.0,731.0,-2.7705468236916797,291,High,239.7473027188138,Job Creation Program
Vijayawada,Agriculture,2015,13624.0,283.0,-5.837478489885525,258,Low,537.479935873624,Job Creation Program
Guntur,Manufacturing,2021,1360.0,929.0,3.2328997918076627,409,Low,635.0336390658932,Job Creation Program
Kakinada,Technology,2017,3146.0,656.0,-0.1258173040220143,412,Medium,472.17463848561556,Job Creation Program
Vijayawada,Energy,2023,44252.0,688.0,2.4134318246504103,324,Medium,567.6044109535949,Job Creation Program
Guntur,Energy,2015,47539.0,642.0,1.8490729832654003,391,Medium,579.8710485525638,Job Creation Program
Guntur,Agriculture,2016,10285.0,341.0,-8.151860586047885,197,Medium,212.2021554015767,Job Creation Program
Nellore,Technology,2016,36828.0,95.0,-1.457386980406154,13,Low,335.61548236861415,Job Creation Program
Visakhapatnam,Manufacturing,2014,36864.0,310.0,18.168263127960003,61,Medium,304.321615696676,Increase Investment
Vijayawada,Healthcare,2020,,850.0,11.062785570601829,241,Medium,483.03367735011557,Increase Investment
Nellore,Energy,2017,41442.0,267.0,-4.784036092184861,217,High,867.2266236338664,Job Creation Program
Nellore,Healthcare,2022,9809.0,225.0,15.67155789791503,50,Low,895.2610052703088,Increase Investment
Vijayawada,Agriculture,2018,41994.0,859.0,11.939957353536172,365,Medium,638.5642336668757,Increase Investment
Visakhapatnam,Healthcare,2018,31278.0,66.0,7.123710993555669,175,High,654.7016492557467,Job Creation Program
Visakhapatnam,Technology,2015,39377.0,573.0,1.495000390917907,102,High,300.5663522399596,Job Creation Program
Visakhapatnam,Agriculture,2018,13130.0,108.0,-1.2831307123100046,191,Medium,611.6142188307052,Job Creation Program
Kakinada,Manufacturing,2019,31439.0,937.0,8.760964167308797,251,Medium,751.0902342476834,Job Creation Program
Kakinada,Technology,2022,40876.0,939.0,-4.31979040475925,68,Low,516.4371680993106,Job Creation Program
Vijayawada,Energy,2015,15584.0,994.0,-0.25952097005208596,114,Medium,368.42036155768227,Job Creation Program
Kakinada,Healthcare,2018,42227.0,907.0,9.939395035045369,160,High,571.1503129678615,Job Creation Program
Kakinada,Manufacturing,2014,17582.0,57.0,19.01350678954451,302,High,436.83769887004036,Increase Investment
Visakhapatnam,Agriculture,2014,19951.0,979.0,7.575195443428576,242,Medium,480.16116339116576,Job Creation Program
Guntur,Energy,2015,40833.0,703.0,6.0047449277922205,469,High,889.2133568423793,Job Creation Program
Visakhapatnam,Manufacturing,2016,32262.0,135.0,4.6398124194214425,86,Low,739.2637467662189,Job Creation Program
Guntur,Technology,2022,19306.0,723.0,-3.613943846194224,10,High,730.8711859920157,Job Creation Program
Kakinada,Energy,2023,34993.0,895.0,2.3692644679047374,462,High,806.2049169877474,Job Creation Program
Vijayawada,Technology,2020,34182.0,184.0,15.383986976257194,373,High,883.3065360363132,Increase Investment
Guntur,Healthcare,2023,10173.0,256.0,9.293553804812417,44,Medium,329.7914977403198,Job Creation Program
Nellore,Healthcare,2016,28355.0,899.0,1.48586814863219,65,High,874.3579546562034,Job Creation Program
Nellore,Manufacturing,2017,24084.0,133.0,19.93015826869645,382,Low,783.5071104973663,Increase Investment
Visakhapatnam,Technology,2016,46359.0,447.0,-2.83208728892151,358,Medium,628.3405698185209,Job Creation Program
Kakinada,Agriculture,2023,28971.0,947.0,11.303752090303995,93,Low,991.0465322951788,Increase Investment
Kakinada,Healthcare,2022,46604.0,428.0,10.01645112490905,161,Medium,873.8704108146108,Increase Investment
Guntur,Agriculture,2023,7190.0,646.0,-2.937568995120187,169,High,325.0233042915236,Job Creation Program
Visakhapatnam,Technology,2021,2716.0,653.0,-0.942928261655414,99,Low,788.8426784513902,Job Creation Program
Nellore,Technology,2016,8157.0,827.0,3.5352414145564524,232,High,434.23644649838184,Job Creation Program
Nellore,Technology,2020,17659.0,496.0,10.438165325553665,419,High,627.7733000147462,Increase Investment
Vijayawada,Manufacturing,2021,45143.0,633.0,9.49941780786175,224,Medium,670.1313147237648,Job Creation Program
Visakhapatnam,Agriculture,2017,,180.0,8.378736523272092,409,Medium,910.0817257418897,Job Creation Program
Kakinada,Energy,2021,7446.0,895.0,-0.7398418544136263,398,High,197.37841540299806,Job Creation Program
Guntur,Agriculture,2020,26313.0,176.0,1.990386843346851,299,High,314.5030808442905,Job Creation Program
Kakinada,Manufacturing,2022,,72.0,-4.396758157038506,418,High,627.8343341269323,Job Creation Program
Vijayawada,Technology,2018,47965.0,593.0,18.834703300058795,69,High,567.6897905693487,Increase Investment
Vijayawada,Manufacturing,2016,4672.0,162.0,-0.2625735390046442,41,Medium,139.57463086681247,Job Creation Program
Guntur,Technology,2022,19902.0,180.0,-3.8983151351931102,16,High,408.9830327566524,Job Creation Program
Nellore,Manufacturing,2023,36239.0,436.0,1.0134225631687324,161,High,361.41852237541565,Job Creation Program
Visakhapatnam,Manufacturing,2017,16665.0,656.0,9.665727199265358,451,High,583.4071704271807,Job Creation Program
Guntur,Manufacturing,2017,42199.0,476.0,-0.7727514295082045,499,Medium,247.32170319554095,Job Creation Program
Nellore,Technology,2015,46596.0,231.0,12.065531247420193,23,Medium,184.87137718154065,Increase Investment
Vijayawada,Agriculture,2018,5439.0,794.0,7.182315410713471,363,Low,459.02758436106495,Job Creation Program
Kakinada,Manufacturing,2017,25871.0,452.0,6.87569751905192,384,High,889.0781527861146,Job Creation Program
Kakinada,Energy,2022,8612.0,130.0,-4.075262616419563,444,High,689.7021585986546,Job Creation Program
Guntur,Energy,2021,37265.0,639.0,16.082476439781647,21,Low,766.7670244502048,Increase Investment
Guntur,Technology,2018,48336.0,217.0,13.015411586795043,495,Medium,944.2434431433452,Increase Investment
Guntur,Energy,2019,17486.0,194.0,11.164068842181752,157,Medium,273.6582935538326,Increase Investment
Guntur,Energy,2018,43271.0,845.0,9.952408511918833,277,Low,806.0978519257142,Job Creation Program
Vijayawada,Energy,2017,42739.0,437.0,13.337542072403426,454,High,794.285058856403,Increase Investment
Nellore,Agriculture,2019,35884.0,323.0,0.6143029589019022,331,Low,462.98419855725314,Job Creation Program
Vijayawada,Energy,2014,8432.0,886.0,-4.49939023825925,398,Low,447.135402489023,Job Creation Program
Visakhapatnam,Manufacturing,2017,1138.0,270.0,6.157173903461306,353,Medium,537.6243695393455,Job Creation Program
Visakhapatnam,Manufacturing,2020,18753.0,549.0,8.214267318660708,478,Medium,586.0963275794472,Job Creation Program
Guntur,Agriculture,2014,17619.0,721.0,12.836118655048011,312,High,462.54841550289615,Increase Investment
Guntur,Energy,2016,,660.0,-1.6646594306480478,239,Low,428.01324775772287,Job Creation Program
Nellore,Healthcare,2018,12018.0,809.0,6.939634788502481,295,High,262.14164543898505,Job Creation Program
Kakinada,Manufacturing,2017,47402.0,517.0,13.578479747693414,149,Medium,641.200740295575,Increase Investment
Kakinada,Healthcare,2017,32034.0,723.0,0.3253995849532023,137,Medium,583.3526389992116,Job Creation Program
Vijayawada,Agriculture,2023,35388.0,744.0,-6.725033179091488,31,High,124.96575314755933,Job Creation Program
Kakinada,Agriculture,2016,27580.0,913.0,-7.936167844194841,22,Low,225.5427875825011,Job Creation Program
Kakinada,Agriculture,2019,32444.0,,-9.246312112089944,376,Medium,129.70083074292808,Job Creation Program
Nellore,Agriculture,2017,18986.0,953.0,-6.183432639119371,296,High,351.0718869491924,Job Creation Program
Kakinada,Agriculture,2023,14421.0,860.0,14.855105298058707,235,Low,301.7539055633049,Increase Investment
Visakhapatnam,Agriculture,2020,33023.0,,3.0423157547564372,61,Medium,685.9800861106105,Job Creation Program
Kakinada,Manufacturing,2018,8817.0,783.0,15.404833279304164,399,High,495.6198445769516,Increase Investment
Kakinada,Technology,2014,25836.0,369.0,16.881939069897268,401,Medium,946.2943551679209,Increase Investment
Vijayawada,Energy,2019,9450.0,89.0,1.3675895587512823,16,High,705.2171547072886,Job Creation Program
Guntur,Manufacturing,2020,14720.0,99.0,8.963269852025684,54,Low,937.8736371535055,Job Creation Program
Nellore,Agriculture,2021,20188.0,912.0,-4.00782709885264,44,Low,240.44861685846394,Job Creation Program
Nellore,Technology,2019,1412.0,,4.4333035977524595,267,Low,509.1179589648984,Job Creation Program
Nellore,Agriculture,2018,2294.0,403.0,-1.50404014538727,474,Low,400.9387182140893,Job Creation Program
Visakhapatnam,Energy,2023,18267.0,198.0,16.861992661401377,485,High,482.38674546957475,Increase Investment
Visakhapatnam,Manufacturing,2015,7542.0,841.0,-0.942012616949313,171,Medium,142.07767389145627,Job Creation Program
Guntur,Technology,2018,25535.0,,15.054876773983082,446,High,1006.97432173424,Increase Investment
Kakinada,Manufacturing,2014,33981.0,143.0,18.557368256466223,228,Low,548.5370366067467,Increase Investment
Vijayawada,Healthcare,2021,46967.0,146.0,10.878324719550951,161,Low,901.8823540905444,Increase Investment
Visakhapatnam,Technology,2020,19339.0,61.0,12.255733837725991,340,Low,797.4759976410129,Increase Investment
Kakinada,Agriculture,2019,35761.0,295.0,8.589228251991852,295,Medium,652.338223343376,Job Creation Program
Guntur,Technology,2021,15758.0,184.0,19.981014505611,200,Medium,923.7650666903243,Increase Investment
Visakhapatnam,Agriculture,2014,29300.0,859.0,6.207263204352071,479,Medium,731.3203909253843,Job Creation Program
Visakhapatnam,Agriculture,2015,2345.0,438.0,-0.014775006346939179,211,Low,645.9352854722005,Job Creation Program
Guntur,Technology,2023,43395.0,305.0,3.332190337060755,227,High,798.1631805280354,Job Creation Program
Visakhapatnam,Manufacturing,2022,13949.0,356.0,10.306508521918364,402,High,811.6911703380293,Increase Investment
Visakhapatnam,Energy,2018,37926.0,404.0,7.706017717185006,52,High,451.1323115774274,Job Creation Program
Guntur,Agriculture,2023,8421.0,156.0,4.239068516622908,245,Medium,940.6129468859317,Job Creation Program
Kakinada,Energy,2017,47721.0,,15.622540193178338,238,High,824.3625041813459,Increase Investment
Kakinada,Healthcare,2014,30621.0,295.0,-1.3658219775715583,261,Low,251.9708251661639,Job Creation Program
Guntur,Agriculture,2022,2693.0,401.0,-0.9690940857145378,437,Low,437.1139327162847,Job Creation Program
Guntur,Energy,2020,45649.0,282.0,9.536215944817371,179,Low,473.892128964385,Job Creation Program
Visakhapatnam,Agriculture,2016,17190.0,57.0,0.12553739569075617,49,High,928.0715563155437,Job Creation Program
Vijayawada,Manufacturing,2022,6588.0,459.0,5.756149913468658,86,Medium,857.4207281028212,Job Creation Program
Vijayawada,Agriculture,2019,16594.0,217.0,14.035899397502853,202,Medium,466.4579016925812,Increase Investment
Visakhapatnam,Healthcare,2023,47176.0,702.0,4.097336383383926,256,Medium,536.7633014113552,Job Creation Program
Vijayawada,Agriculture,2022,46597.0,552.0,15.291735280644637,347,High,321.1025946872896,Job Creation Program
Nellore,Manufacturing,2017,46129.0,414.0,-0.7734107949249953,472,Low,886.7980793090105,Job Creation Program
Vijayawada,Energy,2018,47248.0,119.0,10.20809052113499,411,High,183.14762772015064,Increase Investment
Kakinada,Technology,2022,42113.0,79.0,9.76228834558619,249,High,750.7122077930131,Job Creation Program
Vijayawada,Healthcare,2023,,439.0,16.813341229554176,79,High,905.8105679977429,Increase Investment
Nellore,Agriculture,2019,33881.0,251.0,7.896261607395235,373,High,711.8196166345621,Job Creation Program
Guntur,Technology,2018,36305.0,264.0,0.782050612614487,87,High,955.0646136173023,Job Creation Program
Guntur,Energy,2020,2658.0,250.0,-4.6040997238468755,464,High,496.48975069038283,Job Creation Program
Kakinada,Agriculture,2020,49752.0,224.0,10.283657539442576,212,Low,376.0353928883514,Increase Investment
Vijayawada,Healthcare,2022,32335.0,915.0,6.143124619796488,353,Low,666.2095902711378,Job Creation Program
Visakhapatnam,Technology,2021,5622.0,162.0,9.969577974431338,351,Medium,772.1507163185788,Job Creation Program
Visakhapatnam,Energy,2021,47228.0,142.0,7.1645140422612705,304,Medium,702.173609940011,Job Creation Program
Nellore,Manufacturing,2016,47515.0,205.0,5.421495504399598,123,High,277.1140657840192,Job Creation Program
Nellore,Manufacturing,2023,27314.0,499.0,7.9311053792521005,86,High,364.576215842468,Job Creation Program
Nellore,Agriculture,2015,48518.0,780.0,-8.434070207561394,367,Medium,432.21425238102114,Job Creation Program
Visakhapatnam,Manufacturing,2021,44283.0,817.0,-0.5855256877634005,214,Low,159.21625513097302,Job Creation Program
Visakhapatnam,Healthcare,2014,4065.0,753.0,9.105259257523455,452,High,1052.5626022091517,Job Creation Program
Visakhapatnam,Healthcare,2014,39834.0,53.0,18.831035332966056,331,Medium,783.980448726472,Increase Investment
Nellore,Agriculture,2022,10829.0,526.0,9.197810923264768,39,High,906.3804854563726,Job Creation Program
Visakhapatnam,Manufacturing,2014,32478.0,317.0,17.99530120525598,82,Low,384.04510482066144,Increase Investment
Vijayawada,Energy,2014,26910.0,601.0,1.0366863473347907,421,Low,877.2304849474821,Job Creation Program
Visakhapatnam,Technology,2020,11355.0,529.0,17.61096418344329,198,Low,312.162000530415,Increase Investment
Nellore,Manufacturing,2021,39835.0,888.0,12.20919153798065,415,High,1012.4176208572682,Increase Investment
Nellore,Manufacturing,2017,27035.0,309.0,14.719272470393854,315,Medium,194.48255193351702,Increase Investment
Vijayawada,Energy,2019,39173.0,610.0,13.983692555578344,414,Medium,721.3005245890279,Increase Investment
Vijayawada,Healthcare,2014,34231.0,829.0,-2.1938498113776,45,High,969.8129850636797,Job Creation Program
Vijayawada,Healthcare,2018,24746.0,807.0,13.757181619621608,98,Medium,349.0204556703464,Increase Investment
Vijayawada,Agriculture,2016,10559.0,769.0,-7.4471619752438425,446,High,560.7313244103749,Job Creation Program
Kakinada,Healthcare,2022,26115.0,328.0,15.93544022102422,316,Medium,469.26824392495945,Increase Investment
Vijayawada,Agriculture,2017,23318.0,,3.3846407617655725,341,Medium,625.0370733096522,Job Creation Program
Guntur,Manufacturing,2019,41245.0,686.0,-4.812365305639861,390,Low,949.9871740033105,Job Creation Program
Vijayawada,Healthcare,2021,19981.0,948.0,13.58710440158297,225,Medium,450.8057497270065,Increase Investment
Vijayawada,Manufacturing,2022,24620.0,414.0,11.403323606110192,220,Low,253.2097597292962,Increase Investment
Guntur,Technology,2019,47888.0,181.0,-0.677282192053875,289,High,886.7741192323825,Job Creation Program
Visakhapatnam,Healthcare,2017,23680.0,574.0,17.230290961640208,264,Medium,355.9018701198148,Increase Investment
Nellore,Healthcare,2015,19051.0,220.0,-3.223458129412819,112,Low,158.9083921152918,Job Creation Program
Visakhapatnam,Technology,2022,30045.0,245.0,9.84960709531257,411,Medium,895.1315373835158,Job Creation Program
Guntur,Healthcare,2023,27485.0,583.0,8.14833786682027,116,Low,1032.5048097635622,Job Creation Program
Kakinada,Agriculture,2018,44278.0,486.0,-1.318888458442899,144,Medium,437.5902020919675,Job Creation Program
Nellore,Agriculture,2015,41691.0,116.0,8.02614590752696,495,Medium,967.3103292527313,Job Creation Program
Guntur,Agriculture,2020,19561.0,788.0,-6.173665278720194,29,High,886.3515176036849,Job Creation Program
Nellore,Agriculture,2014,16223.0,67.0,6.736144380730561,139,Medium,750.5132167350895,Job Creation Program
Vijayawada,Manufacturing,2019,47062.0,756.0,5.527614826929218,441,Medium,221.7887680915849,Job Creation Program
Guntur,Healthcare,2019,31601.0,534.0,8.583846782407408,161,High,522.8377418180555,Job Creation Program
Vijayawada,Agriculture,2020,30477.0,91.0,3.274388372664699,22,Low,701.9796934191248,Job Creation Program
Vijayawada,Agriculture,2022,40676.0,874.0,4.517671750176039,191,High,831.4844510965386,Job Creation Program
Kakinada,Manufacturing,2014,49834.0,,-4.208359675934093,297,High,757.6097534332569,Job Creation Program
Visakhapatnam,Energy,2014,44292.0,112.0,-0.5988130016045243,261,Low,285.32932943820293,Job Creation Program
Kakinada,Technology,2016,47136.0,603.0,9.282092154142681,244,Medium,170.97101568948037,Job Creation Program
Vijayawada,Technology,2023,46937.0,875.0,13.75851873147127,290,Low,871.3870389003736,Increase Investment
Guntur,Agriculture,2014,12809.0,164.0,-2.400923754751757,122,Medium,332.06248504220713,Job Creation Program
Guntur,Agriculture,2017,23294.0,498.0,13.865757464111688,182,High,743.0514721712761,Increase Investment
Nellore,Agriculture,2017,14746.0,778.0,10.283405596508459,282,Low,845.0048955408358,Increase Investment
Vijayawada,Energy,2023,10270.0,331.0,4.77129201581274,292,Medium,752.7929765723402,Job Creation Program
Nellore,Energy,2015,47476.0,311.0,11.80992193925099,243,Low,620.7288572310706,Increase Investment
Guntur,Technology,2021,23993.0,515.0,-4.499785870734208,218,High,220.82610276571882,Job Creation Program
Vijayawada,Healthcare,2019,29999.0,911.0,0.4717857346288925,470,Low,358.2979680424692,Job Creation Program
Nellore,Technology,2023,29932.0,322.0,-2.701667201656056,423,Medium,240.3006316106675,Job Creation Program
Guntur,Energy,2020,26917.0,848.0,10.662722007923167,36,Low,998.4198826271885,Increase Investment
Kakinada,Agriculture,2021,38258.0,240.0,2.1620526840240277,430,Medium,498.18892644165766,Job Creation Program
Nellore,Healthcare,2018,48609.0,568.0,-0.9680102144225717,135,Low,378.5017019820798,Job Creation Program
Visakhapatnam,Energy,2017,32041.0,515.0,6.152652328096071,51,Low,457.6861594896948,Job Creation Program
Guntur,Agriculture,2021,8800.0,763.0,10.20610817703718,337,Low,818.8726053907938,Increase Investment
Nellore,Energy,2015,2450.0,759.0,10.202328270957551,241,Low,987.4356715765678,Increase Investment
Guntur,Manufacturing,2018,19560.0,423.0,18.247239205814026,341,Medium,366.18582184059335,Increase Investment
Guntur,Technology,2018,48242.0,240.0,5.9923479991355535,16,High,664.3816351979253,Job Creation Program
Nellore,Energy,2014,18029.0,567.0,19.538551878933802,206,Medium,1012.7835891535547,Increase Investment
Guntur,Agriculture,2022,4204.0,848.0,4.276320372109447,366,Medium,478.26319675548814,Job Creation Program
Nellore,Manufacturing,2017,28586.0,880.0,0.43721836289406646,453,Medium,435.8475215934678,Job Creation Program
Vijayawada,Technology,2014,37146.0,263.0,-4.860411733050275,34,Low,173.21711714207777,Job Creation Program
Nellore,Technology,2014,9578.0,954.0,11.88885386615766,239,High,616.419665883144,Increase Investment
Guntur,Agriculture,2016,15045.0,753.0,14.186353017931918,26,Medium,700.8232382250274,Increase Investment
Nellore,Technology,2019,20617.0,224.0,11.39514955042577,385,Low,298.5251349929537,Increase Investment
Kakinada,Energy,2023,42753.0,894.0,-0.5761022321789087,332,High,270.84964604432054,Job Creation Program
Nellore,Technology,2019,8503.0,451.0,14.30472388746486,342,High,723.5143047324665,Increase Investment
Kakinada,Energy,2022,45890.0,470.0,10.965603553462865,258,High,238.53833670127545,Increase Investment
Guntur,Technology,2023,36504.0,384.0,8.995091405174719,333,Low,725.5411509958709,Job Creation Program
Visakhapatnam,Agriculture,2018,47662.0,701.0,14.808801443812971,110,Medium,376.8096981211289,Increase Investment
Kakinada,Manufacturing,2016,24900.0,437.0,11.015558468111703,336,Low,651.1379905056482,Increase Investment
Guntur,Healthcare,2015,2869.0,602.0,8.023626498541088,374,High,590.3022315212173,Job Creation Program
Kakinada,Manufacturing,2021,33876.0,408.0,3.0597455343368765,298,Medium,429.4837617800945,Job Creation Program
Nellore,Energy,2023,13180.0,953.0,14.02549905989779,362,Medium,1068.6630060408258,Increase Investment
Visakhapatnam,Agriculture,2022,37969.0,873.0,-6.466944014044925,139,Low,607.5435787573878,Job Creation Program
Vijayawada,Energy,2015,2046.0,552.0,10.672601330063895,10,Low,845.9127593419527,Increase Investment
Visakhapatnam,Technology,2021,6823.0,475.0,16.27628465721036,190,Low,410.3123521217492,Increase Investment
Guntur,Energy,2016,14699.0,394.0,-1.3664816509644027,21,Medium,693.6160622952002,Job Creation Program
Visakhapatnam,Technology,2015,9608.0,132.0,-4.977956827296982,14,High,628.429096987968,Job Creation Program
Kakinada,Agriculture,2016,4728.0,899.0,-1.0563001739535967,61,Low,696.5038614361572,Job Creation Program
Kakinada,Manufacturing,2014,20318.0,172.0,0.8669256002971011,467,High,731.4911120325111,Job Creation Program
Vijayawada,Manufacturing,2019,4316.0,821.0,2.5586522078774445,219,Medium,497.00653462667384,Job Creation Program
Visakhapatnam,Agriculture,2016,45510.0,604.0,-2.7974197557206812,430,High,866.1035846754471,Job Creation Program
Visakhapatnam,Technology,2014,,411.0,19.254535332572384,69,High,947.1361402168725,Increase Investment
Guntur,Agriculture,2021,41316.0,970.0,6.517823276205089,15,Medium,774.2228857791894,Job Creation Program
Vijayawada,Manufacturing,2020,34757.0,642.0,17.22041151327078,434,High,821.5550419151984,Increase Investment
Visakhapatnam,Manufacturing,2017,24419.0,458.0,-3.9981000789293186,239,Medium,655.6887016385037,Job Creation Program
Nellore,Energy,2014,34375.0,786.0,10.947935072786624,33,Low,534.0507696721029,Increase Investment
Kakinada,Energy,2014,36306.0,537.0,13.168215605272138,47,Low,468.71331780031136,Increase Investment
Nellore,Energy,2018,25121.0,308.0,11.469412819949671,113,Low,412.325791485445,Increase Investment
Nellore,Agriculture,2018,15540.0,636.0,12.419411369098576,226,High,791.9874563074669,Increase Investment
Kakinada,Agriculture,2023,11013.0,999.0,14.25267898816633,340,Medium,1140.3842630917816,Increase Investment
Vijayawada,Energy,2017,30801.0,669.0,1.4034443223997766,276,Medium,274.3890425168545,Job Creation Program
Nellore,Technology,2020,18018.0,586.0,4.741541232633438,115,Medium,741.785431623232,Job Creation Program
Kakinada,Technology,2020,9606.0,,9.632101142077234,44,High,397.84880143628766,Job Creation Program
Vijayawada,Agriculture,2018,,191.0,6.879991745948345,149,Medium,138.14078423476133,Job Creation Program
Guntur,Healthcare,2020,19526.0,267.0,-1.1086997285589857,61,Medium,540.0397717247475,Job Creation Program
Guntur,Agriculture,2022,38630.0,843.0,9.570861584296566,363,High,875.68236315562,Job Creation Program
Vijayawada,Technology,2022,40630.0,616.0,3.977131764800566,414,Medium,885.4991316711715,Job Creation Program
Visakhapatnam,Technology,2015,6680.0,651.0,25.950494234085802,31,Low,607.2344293659746,Job Creation Program
Kakinada,Energy,2019,45504.0,390.0,15.079653953400804,168,High,1029.810650418263,Increase Investment
Nellore,Energy,2019,18999.0,195.0,12.151009137823955,236,Medium,302.6944678187567,Increase Investment
Nellore,Agriculture,2021,32004.0,71.0,13.39791077221767,470,Medium,382.5125166482745,Increase Investment
Guntur,Healthcare,2019,46031.0,433.0,8.715946318437346,183,High,530.7400475588337,Job Creation Program
Vijayawada,Agriculture,2014,46431.0,294.0,43.038711564390454,213,Low,132.63345299982697,Increase Investment
Kakinada,Healthcare,2022,42571.0,88.0,7.911846702517622,371,Medium,667.9624250982155,Job Creation Program
Vijayawada,Energy,2018,47009.0,456.0,14.124142296593082,488,High,819.4060888724645,Increase Investment
Kakinada,Agriculture,2021,18151.0,621.0,0.06383182913871899,491,High,200.39639565895143,Job Creation Program
Guntur,Agriculture,2016,40414.0,238.0,11.49752225957904,367,High,439.3641029777981,Increase Investment
Vijayawada,Manufacturing,2021,12630.0,141.0,6.179284465012385,382,High,539.7127910956675,Job Creation Program
Nellore,Healthcare,2020,35951.0,117.0,9.00451740417121,335,Low,217.5352853628803,Job Creation Program
Nellore,Manufacturing,2023,39032.0,327.0,-0.9974611074556616,271,Medium,589.73830217862,Job Creation Program
Nellore,Healthcare,2014,23305.0,478.0,10.600450528887247,32,High,522.6701535280811,Increase Investment
Nellore,Technology,2019,19645.0,521.0,71.80185405696787,94,Low,196.52191490920063,Increase Investment
Vijayawada,Energy,2020,31846.0,482.0,3.689410031886416,404,Low,739.7829563536925,Job Creation Program
Visakhapatnam,Technology,2014,11160.0,273.0,15.665466762761078,32,Low,620.7667242623378,Increase Investment
Visakhapatnam,Healthcare,2023,29424.0,164.0,15.679942461626428,269,Low,672.7151056370674,Increase Investment
Kakinada,Energy,2016,4692.0,299.0,13.812883086483865,426,High,391.30052042858676,Increase Investment
Kakinada,Agriculture,2020,20990.0,575.0,13.637487850363183,18,Medium,430.4155551395883,Increase Investment
Nellore,Energy,2017,8865.0,531.0,3.8015292391338367,499,High,1015.1861202598006,Job Creation Program
Guntur,Manufacturing,2016,12442.0,916.0,3.238691953635591,393,Low,849.666418295302,Job Creation Program
Nellore,Healthcare,2014,7244.0,519.0,13.894387297179918,342,Low,852.1118700723638,Increase Investment
Guntur,Manufacturing,2023,26328.0,466.0,3.6143202425613996,411,Low,888.8427323303362,Job Creation Program
Guntur,Manufacturing,2016,29299.0,64.0,15.614528074131872,490,Low,683.9932979674444,Increase Investment
Kakinada,Agriculture,2022,36864.0,903.0,14.589300044300487,491,Medium,463.7413794000334,Increase Investment
Nellore,Technology,2019,47369.0,565.0,2.896810588062852,316,Medium,897.3669798225551,Job Creation Program
Nellore,Energy,2021,5518.0,446.0,0.37261237344851494,28,High,326.66185118558036,Job Creation Program
Kakinada,Energy,2020,20533.0,376.0,0.7426646635313414,375,Medium,606.7924191348778,Job Creation Program
Nellore,Energy,2014,48634.0,187.0,-2.332945147042263,442,Low,131.63739257503096,Job Creation Program
Guntur,Technology,2017,32656.0,609.0,4.219222008353443,376,Low,811.6950620308725,Job Creation Program
Nellore,Technology,2020,,283.0,1.2930869564978256,119,High,981.6594360868888,Job Creation Program
Guntur,Technology,2019,28278.0,307.0,12.513663972455127,159,High,240.41694839543723,Increase Investment
Kakinada,Agriculture,2023,49134.0,201.0,-6.244401847667202,362,Low,760.4487522861889,Job Creation Program
Guntur,Energy,2015,3473.0,111.0,-1.3479566640044416,372,Low,715.5037681029551,Job Creation Program
Kakinada,Healthcare,2022,13660.0,906.0,-1.3475603886707526,259,Low,125.79110287864299,Job Creation Program
Visakhapatnam,Agriculture,2023,27176.0,50.0,11.86001798390705,259,Medium,842.9300089919535,Increase Investment
Guntur,Technology,2020,46190.0,517.0,0.08555389441120997,124,Medium,577.442313634106,Job Creation Program
Vijayawada,Agriculture,2019,25770.0,942.0,2.851776096817961,372,Medium,275.86373083202517,Job Creation Program
Nellore,Healthcare,2017,6649.0,732.0,2.930981220850547,213,Medium,263.454782536626,Job Creation Program
Guntur,Manufacturing,2018,20329.0,236.0,3.6148202558291835,42,High,197.53097580375686,Job Creation Program
Guntur,Healthcare,2017,10507.0,403.0,3.046503295585941,232,Medium,150.27740828121134,Job Creation Program
Vijayawada,Energy,2019,29936.0,701.0,5.305332850921786,334,High,577.1903832849617,Job Creation Program
Vijayawada,Technology,2016,40227.0,349.0,0.05664000949739023,308,High,505.1976736331459,Job Creation Program
Kakinada,Energy,2017,8357.0,555.0,19.829269228156114,157,Low,802.0524442162664,Increase Investment
Vijayawada,Energy,2021,37950.0,943.0,5.454780294638709,261,Medium,974.438578178443,Job Creation Program
Kakinada,Healthcare,2019,38787.0,455.0,7.653656309502233,257,High,579.8241362082351,Job Creation Program
Kakinada,Energy,2018,26748.0,821.0,7.945943485066625,358,High,770.2361960123969,Job Creation Program
Guntur,Energy,2018,26577.0,951.0,-4.842884583475194,212,Low,516.9441676111509,Job Creation Program
Nellore,Agriculture,2019,12770.0,787.0,14.728290157740759,69,Medium,900.9116435414197,Increase Investment
Kakinada,Manufacturing,2016,44561.0,745.0,6.645549732442451,160,Low,689.5093455066963,Job Creation Program
Guntur,Agriculture,2020,,388.0,-4.903800475671979,37,Low,922.9732541543927,Job Creation Program
Kakinada,Technology,2019,15232.0,912.0,5.8307855273761025,441,Low,630.17676400967,Job Creation Program
Guntur,Healthcare,2014,38698.0,659.0,9.338675550268565,451,Low,891.5418718762699,Job Creation Program
Visakhapatnam,Manufacturing,2014,40735.0,867.0,-2.3024520129605666,268,Medium,655.0377410476319,Job Creation Program
Nellore,Energy,2020,14196.0,989.0,11.951819539042791,444,Medium,671.2034952411332,Increase Investment
Nellore,Healthcare,2016,44791.0,771.0,13.160367157651635,209,High,776.4664307854941,Increase Investment
Kakinada,Energy,2022,7600.0,768.0,17.119109850935605,446,Low,961.4747636551855,Increase Investment
Visakhapatnam,Manufacturing,2016,12509.0,885.0,-3.464012232847167,372,Low,498.3434917393026,Job Creation Program
Vijayawada,Healthcare,2014,45881.0,402.0,11.273591354224727,33,Medium,792.3198372439834,Increase Investment
Guntur,Healthcare,2019,4349.0,825.0,5.1271029180685,87,High,209.29859907406512,Job Creation Program
Kakinada,Manufacturing,2019,19655.0,650.0,13.226760394049915,50,Medium,372.9739425613244,Increase Investment
Visakhapatnam,Energy,2015,35237.0,165.0,8.538656467632313,292,Low,777.0887831715933,Job Creation Program
Kakinada,Energy,2022,7327.0,300.0,3.460392277377732,295,High,733.3811768321332,Job Creation Program
Vijayawada,Agriculture,2014,33239.0,590.0,-4.057234243116658,244,Medium,177.06231796561173,Job Creation Program
Nellore,Manufacturing,2015,13755.0,674.0,0.1767461685144207,148,Medium,374.19126917578717,Job Creation Program
Kakinada,Healthcare,2015,16117.0,954.0,9.123632451647236,495,High,586.0394535887147,Job Creation Program
Visakhapatnam,Manufacturing,2023,,914.0,9.868272056578647,135,Medium,846.1960065971289,Job Creation Program
Kakinada,Manufacturing,2023,5693.0,323.0,-3.2656920015133246,359,High,511.451814835112,Job Creation Program
Guntur,Healthcare,2021,11251.0,889.0,18.009239923479452,239,Medium,1120.1021429197324,Increase Investment
Guntur,Healthcare,2016,14983.0,228.0,2.1546992762566566,399,Low,655.9127143498652,Job Creation Program
Vijayawada,Energy,2019,11675.0,445.0,-4.868511189220624,461,Low,613.3351252079682,Job Creation Program
Guntur,Healthcare,2015,35722.0,883.0,4.446693536272136,480,Low,252.26430392528295,Job Creation Program
Kakinada,Energy,2017,19882.0,111.0,6.381152674878376,285,High,401.083079469115,Job Creation Program
Kakinada,Technology,2019,43120.0,144.0,18.272742164503445,329,High,421.312748716885,Increase Investment
Guntur,Healthcare,2014,20502.0,655.0,2.9485574799239735,199,High,681.313051493502,Job Creation Program
Visakhapatnam,Manufacturing,2017,8063.0,315.0,8.423097997980706,282,Medium,440.5327586936392,Job Creation Program
Vijayawada,Energy,2019,30145.0,161.0,1.2519368163929219,333,High,896.0156182743926,Job Creation Program
Guntur,Healthcare,2017,45788.0,557.0,11.501368526976925,403,High,976.0626226952614,Increase Investment
Visakhapatnam,Agriculture,2018,30488.0,234.0,9.189586688570728,456,High,289.5036328512555,Job Creation Program
Nellore,Manufacturing,2019,26429.0,149.0,7.939653351074073,222,High,886.8300834931003,Job Creation Program
Nellore,Energy,2015,16300.0,610.0,0.8540916412853417,43,Medium,882.2099590118406,Job Creation Program
Guntur,Healthcare,2023,19610.0,306.0,15.234609776530906,276,Low,736.6179059161846,Increase Investment
Guntur,Manufacturing,2022,9527.0,853.0,17.716121777980085,372,Medium,722.1185187661702,Increase Investment
Kakinada,Agriculture,2018,39822.0,802.0,3.4233323865259635,101,Medium,983.4551257399382,Job Creation Program
Vijayawada,Energy,2015,43029.0,198.0,2.9336974704959093,499,Medium,706.8087209915819,Job Creation Program
Visakhapatnam,Healthcare,2019,,486.0,17.08376299796764,371,Low,209.02708817012274,Increase Investment
Vijayawada,Healthcare,2016,34067.0,307.0,14.505040014904303,324,Low,617.5304728457562,Increase Investment
Kakinada,Agriculture,2014,46411.0,589.0,-2.2430130143661264,317,Low,526.7886533453835,Job Creation Program
Vijayawada,Technology,2015,37300.0,886.0,-2.8921852444382012,120,Low,605.3752387342776,Job Creation Program
Kakinada,Manufacturing,2014,6518.0,224.0,4.63730443855893,111,Low,564.387561942372,Job Creation Program
Guntur,Healthcare,2017,12642.0,494.0,8.728274884170741,434,Low,430.11767792780347,Job Creation Program
Kakinada,Agriculture,2014,20500.0,595.0,-5.9521401323359555,234,Low,327.58476621260104,Job Creation Program
Nellore,Agriculture,2015,47564.0,506.0,8.41793312045123,231,High,351.59474158948325,Job Creation Program
Vijayawada,Energy,2014,21495.0,243.0,4.553319324983466,302,High,319.0645659597098,Job Creation Program
Guntur,Energy,2017,10160.0,374.0,-4.457471397639644,134,Medium,372.32905697282774,Job Creation Program
Vijayawada,Agriculture,2022,40616.0,760.0,-3.3873727533787834,339,High,240.25596707432123,Job Creation Program
Vijayawada,Energy,2017,48529.0,93.0,-4.78410045152922,346,Low,472.55078658007784,Job Creation Program
Vijayawada,Technology,2021,27033.0,432.0,5.991197928079147,289,Low,664.8819750493019,Job Creation Program
Guntur,Energy,2023,,883.0,7.722553544764082,376,High,527.1901478002669,Job Creation Program
Visakhapatnam,Healthcare,2015,6535.0,120.0,14.214903688283648,453,Low,430.05788442594036,Increase Investment
Vijayawada,Manufacturing,2018,5326.0,575.0,14.83969709641718,478,Medium,262.3282583043988,Increase Investment
Vijayawada,Energy,2015,7243.0,198.0,-3.687270848023484,444,High,467.6992037209135,Job Creation Program
Nellore,Agriculture,2019,47615.0,587.0,-7.414623930763778,373,Low,257.4761575264166,Job Creation Program
Visakhapatnam,Agriculture,2021,47283.0,640.0,10.645278322727702,208,High,461.12978126545727,Increase Investment
Nellore,Manufacturing,2017,39960.0,659.0,15.304073600297158,453,High,671.8538450259582,Increase Investment
Nellore,Agriculture,2021,,694.0,-4.029447421757564,114,High,922.0356348930025,Job Creation Program
Vijayawada,Technology,2018,8361.0,409.0,11.510787729006584,459,Medium,806.0791218116369,Increase Investment
Vijayawada,Healthcare,2020,2605.0,205.0,10.857357355010961,436,Medium,149.25758257777247,Increase Investment
Nellore,Healthcare,2016,44944.0,462.0,1.5159211828493406,363,Low,731.0035558647639,Job Creation Program
Guntur,Agriculture,2021,23642.0,406.0,1.8203829752726062,124,Medium,904.3907548796068,Job Creation Program
Visakhapatnam,Energy,2015,48388.0,153.0,10.795520184120823,320,Low,522.5171458817049,Increase Investment
Nellore,Energy,2021,12876.0,853.0,4.662480633139268,169,High,1034.770959800678,Job Creation Program
Guntur,Agriculture,2017,30161.0,329.0,-0.6019160636860033,173,Low,495.01969615047307,Job Creation Program
Kakinada,Manufacturing,2021,13984.0,472.0,0.7983451315833685,225,Medium,744.7681890210735,Job Creation Program
Guntur,Technology,2015,6701.0,341.0,1.1248176122269875,431,Low,668.8356280576941,Job Creation Program
Nellore,Technology,2018,6980.0,364.0,7.774328116613445,442,High,199.29855434447293,Job Creation Program
Visakhapatnam,Healthcare,2015,7546.0,162.0,8.669336274876617,363,Low,403.04432476530013,Job Creation Program
Nellore,Manufacturing,2018,18135.0,567.0,4.021000486244915,276,Medium,871.7990727570086,Job Creation Program
Visakhapatnam,Technology,2018,28406.0,920.0,6.40528132723418,404,Low,775.9285882105545,Job Creation Program
Kakinada,Technology,2022,4505.0,78.0,13.27974166795503,434,Medium,649.358198501005,Increase Investment
Nellore,Energy,2020,12383.0,135.0,6.311663219220366,103,Low,448.5207453459475,Job Creation Program
Guntur,Energy,2023,,374.0,2.81346582500822,296,Medium,365.52236218553077,Job Creation Program
Guntur,Healthcare,2019,1131.0,652.0,-1.8657323603019953,36,High,368.835425010831,Job Creation Program
Guntur,Agriculture,2023,19030.0,520.0,6.338756093696659,489,Medium,821.9615316872226,Job Creation Program
Visakhapatnam,Healthcare,2023,9924.0,950.0,3.248706035024094,153,Low,790.8627073327289,Job Creation Program
Visakhapatnam,Agriculture,2020,25894.0,490.0,2.1015568940626324,128,Medium,799.2976287809068,Job Creation Program
Vijayawada,Energy,2019,,841.0,3.895689676083599,224,Low,518.7627501758631,Job Creation Program
Vijayawada,Manufacturing,2015,2976.0,820.0,-0.5631940434762406,37,Low,776.3818088434948,Job Creation Program
Nellore,Healthcare,2020,17496.0,422.0,15.267654643612559,390,Medium,594.429502596045,Increase Investment
Nellore,Agriculture,2018,24015.0,893.0,7.660237849201639,124,High,1037.4059239933706,Job Creation Program
Vijayawada,Manufacturing,2019,27110.0,280.0,3.887171886629597,53,Medium,149.88408128256287,Job Creation Program
Visakhapatnam,Agriculture,2015,29388.0,941.0,-7.265130710649517,137,Medium,438.63512001278804,Job Creation Program
Visakhapatnam,Energy,2020,41899.0,,13.832919703578881,327,Medium,375.31765032175093,Increase Investment
Visakhapatnam,Healthcare,2021,18717.0,,19.409292803720373,272,Medium,616.5359344895962,Increase Investment
Visakhapatnam,Healthcare,2016,46791.0,671.0,6.923897943940323,474,Medium,625.4593552038396,Job Creation Program
Nellore,Technology,2021,4159.0,383.0,-1.6147860625443777,209,High,520.8153693804551,Job Creation Program
Visakhapatnam,Manufacturing,2023,46560.0,487.0,12.162201706403764,15,High,671.2299223101863,Increase Investment
Visakhapatnam,Manufacturing,2020,1620.0,621.0,-4.816628985598427,47,High,839.0887339994338,Job Creation Program
Vijayawada,Energy,2021,49476.0,108.0,1.9086001848886855,455,Low,729.0612881996798,Job Creation Program
Visakhapatnam,Healthcare,2017,31312.0,,2.9555181093389553,54,Medium,790.398249349656,Job Creation Program
Vijayawada,Technology,2014,9807.0,673.0,12.33515344428838,92,Medium,743.0155826800608,Increase Investment
Guntur,Healthcare,2018,3396.0,884.0,1.8855407060391176,491,Low,193.6681798413858,Job Creation Program
Kakinada,Healthcare,2023,29647.0,328.0,1.1121967639959527,22,High,923.6480053859067,Job Creation Program
Vijayawada,Manufacturing,2020,23571.0,597.0,16.81744225268916,174,Medium,302.40013024855426,Increase Investment
Nellore,Energy,2022,18940.0,147.0,0.4485965044059004,241,Medium,171.65943686147668,Job Creation Program
Guntur,Energy,2020,46772.0,416.0,17.86436340815512,104,High,922.3157517779252,Increase Investment
Kakinada,Agriculture,2018,4649.0,650.0,-2.6195951076791317,262,Medium,315.97263180008565,Job Creation Program
Visakhapatnam,Healthcare,2022,36502.0,91.0,14.458408729493616,219,Medium,154.15715194383918,Increase Investment
Visakhapatnam,Healthcare,2019,31090.0,898.0,-1.626635391588242,187,High,208.39281418353758,Job Creation Program
Nellore,Energy,2020,49045.0,723.0,-4.049966305609388,333,Low,134.71874361044414,Job Creation Program
Nellore,Manufacturing,2019,5409.0,527.0,1.2097713608828906,420,Medium,639.3754950718528,Job Creation Program
Guntur,Energy,2019,24573.0,944.0,16.4085656676852,46,High,315.8968599029483,Increase Investment
Visakhapatnam,Technology,2022,6974.0,613.0,7.321699470960379,195,Medium,896.8820177569871,Job Creation Program
Vijayawada,Healthcare,2016,2785.0,958.0,5.598734973562005,83,Low,197.63588104672402,Job Creation Program
Visakhapatnam,Technology,2021,29902.0,751.0,-2.3912081166996515,60,Medium,598.0420270435856,Job Creation Program
Visakhapatnam,Manufacturing,2014,9173.0,962.0,19.331128329327193,300,High,553.9654545281276,Increase Investment
Visakhapatnam,Manufacturing,2022,2699.0,584.0,8.68834421273302,194,Medium,644.7399302023608,Job Creation Program
Guntur,Healthcare,2018,5521.0,344.0,1.5054227967685758,53,Low,696.1786544208838,Job Creation Program
Kakinada,Healthcare,2020,5590.0,,-1.480267046319895,447,Medium,107.30919295063407,Job Creation Program
Kakinada,Technology,2016,21968.0,225.0,18.25613047287479,327,Medium,607.0762935639683,Increase Investment
Kakinada,Agriculture,2018,37257.0,846.0,-2.5899292783345844,453,High,807.0891983052894,Job Creation Program
Kakinada,Technology,2023,,539.0,-4.36021231876242,371,Low,845.4984556018705,Job Creation Program
Guntur,Healthcare,2015,41229.0,673.0,-2.6663868880734642,282,Medium,385.0552162432656,Job Creation Program
Guntur,Healthcare,2019,43971.0,,16.81246955992258,421,High,863.174164659065,Increase Investment
Nellore,Healthcare,2020,45617.0,164.0,0.12129715410581632,223,High,435.19892733273355,Job Creation Program
Visakhapatnam,Technology,2019,29520.0,874.0,0.7825018269499235,141,High,430.83906596754235,Job Creation Program
Kakinada,Agriculture,2016,3509.0,674.0,-3.1808585197492736,72,High,828.5610135768899,Job Creation Program
Vijayawada,Healthcare,2017,6797.0,347.0,-2.899631182935576,458,High,255.93827979521356,Job Creation Program
Visakhapatnam,Technology,2019,10673.0,956.0,-3.378346832465466,495,Medium,177.70300428163014,Job Creation Program
Kakinada,Agriculture,2021,49866.0,216.0,-8.371341648780684,160,Medium,688.9179020386338,Job Creation Program
Nellore,Agriculture,2021,20782.0,161.0,-9.87389590401009,145,Low,86.10302759454376,Job Creation Program
Nellore,Manufacturing,2016,6697.0,347.0,3.377970966995962,460,Medium,502.721559255476,Job Creation Program
Vijayawada,Healthcare,2017,21599.0,308.0,2.9337186552457837,43,Medium,477.035853458157,Job Creation Program
Vijayawada,Manufacturing,2023,29806.0,94.0,-1.3792883826417395,422,High,519.7034689203167,Job Creation Program
Guntur,Technology,2018,23993.0,98.0,74.77825082208622,468,Low,879.3206714514112,Increase Investment
Nellore,Technology,2017,3751.0,349.0,6.705077414320309,301,Low,1017.4007201759779,Job Creation Program
Vijayawada,Manufacturing,2021,48175.0,819.0,5.801628497621573,125,Low,459.5153373955207,Job Creation Program
Visakhapatnam,Technology,2014,31224.0,353.0,-4.214014425636324,185,Medium,653.1245290775038,Job Creation Program
Nellore,Manufacturing,2023,48415.0,589.0,3.325314369275155,72,High,229.58610163503067,Job Creation Program
Nellore,Healthcare,2015,17791.0,,-3.579879987303129,216,Medium,320.06006847072155,Job Creation Program
Guntur,Healthcare,2019,38473.0,547.0,0.47545219470819156,398,Medium,694.6007235050538,Job Creation Program
Kakinada,Agriculture,2021,3000.0,716.0,-4.097520249776706,234,High,567.6617550115988,Job Creation Program
Guntur,Technology,2023,4751.0,590.0,2.193755865141285,272,Medium,388.9431596043336,Job Creation Program
Vijayawada,Healthcare,2021,,445.0,16.358591276674197,109,High,350.79573118120015,Increase Investment
Nellore,Manufacturing,2019,46050.0,453.0,-1.842365488984647,184,Medium,544.6540843348995,Job Creation Program
Guntur,Agriculture,2022,10103.0,302.0,6.454692811565984,453,Low,182.49317229092927,Job Creation Program
Guntur,Healthcare,2017,5460.0,,17.461118624782575,20,Medium,981.6733964481737,Increase Investment
Guntur,Energy,2016,45438.0,388.0,8.624340769767244,409,Medium,391.4624421866969,Job Creation Program
Visakhapatnam,Healthcare,2021,6143.0,156.0,-0.3010570573352922,208,Medium,398.53035099055694,Job Creation Program
Kakinada,Technology,2014,27943.0,288.0,-3.991356031690805,436,Low,100.50489462873048,Job Creation Program
Nellore,Technology,2018,25942.0,880.0,1.6905468864161408,20,Low,987.876812600462,Job Creation Program
Nellore,Manufacturing,2017,44406.0,237.0,11.313525496617522,395,Medium,573.8130554269835,Increase Investment
Guntur,Energy,2016,13468.0,,6.28586840303058,357,Medium,231.85213596991036,Job Creation Program
Guntur,Agriculture,2019,31613.0,285.0,-0.6449814438213792,234,Medium,351.16180288510907,Job Creation Program
Nellore,Energy,2020,8120.0,966.0,0.6357617647912726,483,High,502.14145864788367,Job Creation Program
Visakhapatnam,Agriculture,2020,42555.0,240.0,14.096318355552143,141,Low,931.8311640533251,Increase Investment
Nellore,Technology,2021,47998.0,100.0,17.02239508530707,198,Low,893.022395085307,Increase Investment
Kakinada,Energy,2014,38736.0,353.0,13.663414595350797,24,High,812.2318535215883,Increase Investment
Nellore,Manufacturing,2019,19834.0,190.0,-0.8137134869371128,473,Medium,290.4539443748195,Job Creation Program
Kakinada,Healthcare,2018,47157.0,221.0,7.138125670258773,93,High,719.7752577312718,Job Creation Program
Kakinada,Manufacturing,2021,,787.0,8.262670290102019,255,High,859.027215183103,Job Creation Program
Guntur,Technology,2018,33557.0,818.0,12.563654323595305,464,Medium,203.7706923670096,Increase Investment
Guntur,Manufacturing,2014,31865.0,674.0,-3.694086088897237,105,Low,530.1018597608327,Job Creation Program
Vijayawada,Technology,2019,8657.0,890.0,15.016447718127882,331,Low,258.64638469133814,Increase Investment
Kakinada,Energy,2022,19379.0,79.0,17.821527050552703,142,Low,1012.0790063699367,Increase Investment
Kakinada,Agriculture,2017,26089.0,552.0,13.129052255728766,335,High,465.4723684516228,Increase Investment
Kakinada,Healthcare,2016,13812.0,781.0,-0.6278801013134334,254,Medium,234.09625640874208,Job Creation Program
Kakinada,Energy,2017,11440.0,437.0,0.6009910831754413,141,Low,153.62633103347667,Job Creation Program
Visakhapatnam,Agriculture,2019,8083.0,422.0,0.40702234442470164,331,High,940.7176342934722,Job Creation Program
Visakhapatnam,Agriculture,2019,7905.0,592.0,0.014940875910326668,317,High,749.0884499853892,Job Creation Program
Guntur,Agriculture,2019,13616.0,880.0,-8.034766911842217,92,Low,504.29405117578847,Job Creation Program
Vijayawada,Technology,2021,10382.0,914.0,10.878781368436728,238,Low,626.4320617075117,Increase Investment
Guntur,Technology,2014,26290.0,496.0,18.962322901468443,284,High,778.0531215912835,Increase Investment
Kakinada,Agriculture,2015,43636.0,96.0,4.979973190430943,244,High,478.7807742628137,Job Creation Program
Guntur,Technology,2015,6078.0,813.0,12.673794956806152,192,High,832.037952998834,Increase Investment
Kakinada,Manufacturing,2018,42500.0,888.0,1.6025513580252744,234,High,402.23065605926445,Job Creation Program
Visakhapatnam,Technology,2022,44800.0,657.0,-4.085617425157094,66,High,815.1574935167179,Job Creation Program
Guntur,Manufacturing,2019,31617.0,905.0,9.00006351596823,285,High,954.4505748195124,Job Creation Program
Vijayawada,Manufacturing,2020,27025.0,251.0,15.236908779768491,39,High,685.2446410372189,Increase Investment
Visakhapatnam,Energy,2015,18778.0,731.0,15.006043576425117,97,Low,460.6941785436676,Increase Investment
Guntur,Healthcare,2016,36091.0,897.0,1.444176890128042,208,Medium,778.9542667044485,Job Creation Program
Nellore,Manufacturing,2019,12410.0,344.0,0.5711171696489368,65,Medium,326.96464306359235,Job Creation Program
Visakhapatnam,Manufacturing,2022,22327.0,278.0,9.707426449431493,257,High,1016.9866455294195,Job Creation Program
Kakinada,Energy,2022,6208.0,324.0,10.28269413481474,294,Medium,1020.3159289967998,Increase Investment
Kakinada,Healthcare,2019,22826.0,744.0,1.7846700823625312,236,Low,387.2779454127772,Job Creation Program
Vijayawada,Agriculture,2021,39313.0,102.0,3.581521733147003,95,Medium,997.6531521678099,Job Creation Program
Kakinada,Healthcare,2014,13300.0,410.0,9.049698627959566,73,High,753.1037643746342,Job Creation Program
Visakhapatnam,Energy,2014,33223.0,601.0,10.216075219770659,428,Medium,381.3986120708216,Increase Investment
Nellore,Energy,2022,7157.0,484.0,15.964613344604206,183,Medium,587.2687285878844,Increase Investment
Vijayawada,Manufacturing,2023,33742.0,678.0,0.07202838454727267,226,Low,722.4883524472305,Job Creation Program
Nellore,Manufacturing,2018,2434.0,566.0,14.498659575032853,181,High,1016.062413194686,Increase Investment
Vijayawada,Healthcare,2022,2977.0,575.0,0.3600979157656461,190,High,802.0705630156525,Job Creation Program
Visakhapatnam,Healthcare,2015,,304.0,17.0800679424708,87,Medium,201.92340654511125,Increase Investment
Nellore,Technology,2020,8181.0,165.0,-3.25568123492667,312,Medium,782.628125962371,Job Creation Program
Kakinada,Healthcare,2016,11328.0,64.0,16.673317614238055,327,Medium,571.6709232731124,Increase Investment
Visakhapatnam,Energy,2022,20592.0,668.0,16.39573796728875,266,High,646.5235296214888,Increase Investment
Vijayawada,Agriculture,2014,36280.0,239.0,-2.7815169383586325,32,High,374.35217451732285,Job Creation Program
Guntur,Technology,2016,5632.0,947.0,7.854637372898553,370,High,838.3834159213493,Job Creation Program
Kakinada,Technology,2019,41000.0,316.0,15.748915543655581,194,Low,437.7665731179516,Increase Investment
Vijayawada,Agriculture,2018,49130.0,,5.176909765025384,287,Medium,154.26779381839648,Job Creation Program
Vijayawada,Energy,2015,31356.0,87.0,2.309982840596893,489,High,585.0096850713193,Job Creation Program
Kakinada,Technology,2020,46661.0,993.0,3.978829782586029,38,Medium,148.50977974107929,Job Creation Program
Nellore,Manufacturing,2023,8249.0,261.0,4.340382318580689,145,Low,898.3283978514957,Job Creation Program
Visakhapatnam,Healthcare,2022,22106.0,891.0,2.466396174226375,13,Medium,680.975589912357,Job Creation Program
Nellore,Agriculture,2017,6520.0,827.0,10.96592622304323,471,High,221.6882098645675,Increase Investment
Nellore,Healthcare,2022,36445.0,343.0,-4.776535560798796,353,Low,974.6164830264602,Job Creation Program
Guntur,Technology,2023,37659.0,266.0,15.919260756898314,253,High,658.3452336133495,Increase Investment
Kakinada,Agriculture,2018,11694.0,593.0,-3.377876435433701,383,Medium,452.96919273787813,Job Creation Program
Nellore,Energy,2019,49382.0,,5.776854628912739,79,Low,551.746836931866,Job Creation Program
Kakinada,Energy,2018,35129.0,382.0,18.50708367705596,238,Low,268.69705964635375,Increase Investment
Guntur,Technology,2015,14331.0,980.0,6.959030059479527,337,Medium,902.1984945828993,Job Creation Program
Guntur,Technology,2021,29812.0,158.0,10.581955237759699,130,High,693.7194892756603,Increase Investment
Vijayawada,Manufacturing,2021,13497.0,807.0,7.47143962307185,437,Low,692.2945177581898,Job Creation Program
Kakinada,Healthcare,2015,13628.0,53.0,10.81468941197397,178,Low,493.7317853883462,Increase Investment
Guntur,Healthcare,2023,6570.0,187.0,1.2463341813772333,347,High,118.33064491917543,Job Creation Program
Nellore,Manufacturing,2022,4498.0,391.0,-2.5761094633466888,427,Medium,424.9274119983144,Job Creation Program
Guntur,Energy,2019,30008.0,848.0,1.8018539005853977,288,Low,947.2797210769642,Job Creation Program
Kakinada,Healthcare,2016,40306.0,577.0,15.027389410770361,158,Low,421.708036900145,Increase Investment
Kakinada,Manufacturing,2014,23528.0,57.0,5.989392733956722,284,Low,389.41395385835534,Job Creation Program
Kakinada,Healthcare,2017,42099.0,450.0,16.05923110672563,479,High,186.26653998026535,Increase Investment
Visakhapatnam,Technology,2020,21030.0,816.0,3.387457954845706,465,Medium,628.641656911541,Job Creation Program
Kakinada,Manufacturing,2022,27783.0,266.0,18.720006269907525,230,Medium,428.79521667795404,Increase Investment
Guntur,Technology,2017,9146.0,525.0,15.847598771555631,322,Low,1005.1998935506671,Increase Investment
Nellore,Agriculture,2014,36720.0,393.0,3.387736008677134,304,High,308.31380251410116,Job Creation Program
Nellore,Energy,2017,1385.0,501.0,18.43180263673173,112,Medium,566.343331210026,Increase Investment
Vijayawada,Technology,2014,11497.0,322.0,12.12569499692206,33,Low,721.044737890089,Increase Investment
Guntur,Agriculture,2016,,284.0,-4.5019453793583155,484,Low,933.2144751226224,Job Creation Program
Visakhapatnam,Manufacturing,2022,38630.0,555.0,-3.8383138509440204,487,Medium,967.6973581272607,Job Creation Program
Visakhapatnam,Agriculture,2019,41477.0,948.0,4.282873411424783,424,Low,550.601639940307,Job Creation Program
Vijayawada,Energy,2022,6600.0,168.0,9.004137263632344,186,Medium,163.12695060290233,Job Creation Program
Nellore,Technology,2021,9787.0,920.0,-4.633766285110275,57,High,785.3693501769854,Job Creation Program
Vijayawada,Technology,2018,,101.0,18.611190800958138,151,High,431.7973027089677,Increase Investment
Nellore,Healthcare,2017,13451.0,490.0,11.409402734996366,90,Medium,801.9060734014822,Increase Investment
Vijayawada,Healthcare,2019,27107.0,794.0,9.244168655412404,394,Low,895.3986991239744,Job Creation Program
Kakinada,Agriculture,2019,17114.0,742.0,10.61664751294035,467,High,739.7755245460174,Increase Investment
Nellore,Manufacturing,2021,11147.0,324.0,4.360339599285295,354,High,765.1275003016843,Job Creation Program
Kakinada,Technology,2014,16381.0,631.0,0.8976711105296094,110,Medium,755.6643047074418,Job Creation Program
Vijayawada,Energy,2017,1918.0,,1.295803972373795,77,Low,726.5737604145702,Job Creation Program
Visakhapatnam,Agriculture,2020,32194.0,565.0,0.166297897115939,442,High,336.93958311870506,Job Creation Program
Visakhapatnam,Manufacturing,2017,35283.0,337.0,0.7891869569731771,409,Medium,991.6595600449996,Job Creation Program
Vijayawada,Technology,2023,,210.0,4.94660325495488,101,Low,528.3878668354052,Job Creation Program
Vijayawada,Manufacturing,2020,,921.0,6.027762874808294,442,High,279.5156960769844,Job Creation Program
Visakhapatnam,Agriculture,2020,2396.0,223.0,-4.764005647804547,51,Low,525.3762674053959,Job Creation Program
Kakinada,Energy,2017,20475.0,762.0,-3.5874069817595093,95,Low,424.66395879899255,Job Creation Program
Nellore,Healthcare,2023,17989.0,601.0,8.69847260749798,450,Medium,880.2778203710628,Job Creation Program
Vijayawada,Healthcare,2015,47721.0,109.0,-1.9294937981425244,82,High,512.8968517600247,Job Creation Program
Kakinada,Healthcare,2016,2591.0,148.0,13.038211777211536,85,High,696.2965534302731,Increase Investment
Guntur,Manufacturing,2017,1654.0,194.0,7.321750821194733,170,Medium,257.2041965931178,Job Creation Program
Visakhapatnam,Manufacturing,2015,8350.0,898.0,10.39674463900772,485,Medium,829.3627668582893,Increase Investment
Visakhapatnam,Technology,2023,12048.0,217.0,7.104738550504429,281,Medium,942.4172826545946,Job Creation Program
Nellore,Agriculture,2019,46863.0,870.0,-9.224279842737442,429,High,360.74876536818425,Job Creation Program
Visakhapatnam,Technology,2018,47381.0,822.0,11.43813319588821,82,Low,530.0214548702011,Increase Investment
Vijayawada,Manufacturing,2019,44307.0,741.0,10.339211758803263,245,Low,1072.6135591327322,Increase Investment
Nellore,Manufacturing,2016,38682.0,368.0,4.428103796829182,43,Low,863.2954219723314,Job Creation Program
Visakhapatnam,Manufacturing,2023,18697.0,303.0,5.046487713062138,455,Medium,570.2908577705783,Job Creation Program
Vijayawada,Technology,2020,,356.0,16.258641536671657,133,Low,763.880763870551,Increase Investment
Visakhapatnam,Technology,2019,4968.0,67.0,8.30130650958013,412,Low,922.5618753614187,Job Creation Program
Visakhapatnam,Manufacturing,2019,,852.0,17.552646615061512,346,Medium,533.5485491603241,Increase Investment
Kakinada,Agriculture,2020,,,-1.2874914505719062,499,Medium,713.2876363707394,Job Creation Program
Kakinada,Energy,2019,12041.0,427.0,12.709738460910689,177,High,243.27058322808864,Increase Investment
Visakhapatnam,Energy,2020,38309.0,448.0,6.956259717291456,361,Medium,147.16404353346573,Job Creation Program
Guntur,Healthcare,2016,44976.0,582.0,8.279494440832416,102,Medium,236.18665764564466,Job Creation Program
Guntur,Healthcare,2016,29602.0,319.0,6.576755435993244,195,Low,200.97984984081845,Job Creation Program
Kakinada,Healthcare,2018,16075.0,749.0,14.907107605583764,158,Low,650.6542359658224,Increase Investment
Vijayawada,Agriculture,2018,38034.0,379.0,3.6584523991498763,177,Low,1005.865534592778,Job Creation Program
Vijayawada,Energy,2022,14461.0,944.0,3.980416291349144,118,Low,881.575129790336,Job Creation Program
Kakinada,Technology,2016,40347.0,370.0,-1.1196723719237145,366,Medium,813.8572122238822,Job Creation Program
Nellore,Agriculture,2023,14077.0,880.0,13.676480592715432,335,Medium,1031.3530292158957,Increase Investment
Vijayawada,Technology,2017,44154.0,563.0,0.015885065382200025,78,High,966.0223582295255,Job Creation Program
Visakhapatnam,Agriculture,2018,35567.0,365.0,-6.337797439503531,432,Medium,679.8670393458121,Job Creation Program
Guntur,Agriculture,2016,35226.0,228.0,-3.9040065286049828,471,Low,766.0988651147807,Job Creation Program
Vijayawada,Healthcare,2016,36249.0,239.0,-1.7254376701693177,344,Medium,359.87620396829533,Job Creation Program
Vijayawada,Healthcare,2014,41396.0,614.0,8.475981923602298,20,Medium,544.0425290109181,Job Creation Program
Nellore,Technology,2023,12224.0,150.0,7.917652038484617,286,High,331.8764780577269,Job Creation Program
Kakinada,Energy,2017,27607.0,186.0,10.48434821593494,142,Medium,589.500887681639,Increase Investment
Guntur,Energy,2023,47219.0,314.0,-3.4868324410122202,129,Low,471.05134613522165,Job Creation Program
Vijayawada,Technology,2019,31079.0,531.0,6.755878088399847,481,Low,917.8737126494032,Job Creation Program
Visakhapatnam,Agriculture,2020,46232.0,795.0,0.2568719792823586,198,High,217.04213223529476,Job Creation Program
Kakinada,Healthcare,2015,31870.0,633.0,1.519812055491517,358,High,275.6204103112613,Job Creation Program
Vijayawada,Technology,2022,16503.0,188.0,16.80107954688735,223,Low,486.58602954814825,Increase Investment
Kakinada,Manufacturing,2020,22905.0,,5.6995589931312445,192,Medium,305.979978017357,Job Creation Program
Kakinada,Healthcare,2014,27264.0,960.0,10.26073231698517,323,High,659.5030302430577,Increase Investment
Visakhapatnam,Agriculture,2016,13327.0,983.0,-5.827769025523693,56,High,547.7130304791021,Job Creation Program
Kakinada,Manufacturing,2022,18114.0,905.0,14.461225569752894,482,Low,644.8740914062637,Increase Investment
Guntur,Technology,2018,30570.0,960.0,-4.080607274071977,187,High,278.826170168909,Job Creation Program
Guntur,Healthcare,2019,25029.0,571.0,0.12578958399553208,51,High,195.7182585246145,Job Creation Program
Visakhapatnam,Manufacturing,2020,18624.0,538.0,7.504933646612592,442,Medium,561.3765430187757,Job Creation Program
Kakinada,Healthcare,2023,28100.0,690.0,4.596257379952716,320,High,208.71417592167376,Job Creation Program
Visakhapatnam,Manufacturing,2020,9479.0,303.0,-3.8447212620593483,206,Medium,179.35049457596017,Job Creation Program
Nellore,Energy,2019,8670.0,575.0,-0.028782895437088563,116,Medium,738.8344983512368,Job Creation Program
Nellore,Technology,2014,35602.0,948.0,-2.985290469114597,265,High,268.69944635279364,Job Creation Program
Visakhapatnam,Manufacturing,2017,26924.0,604.0,14.874859030077449,53,Medium,923.8441485416678,Increase Investment
Guntur,Energy,2023,27416.0,242.0,0.89366163616139,477,Low,124.16266115951056,Job Creation Program
Vijayawada,Technology,2021,32336.0,365.0,13.054842217417804,439,High,645.650174093575,Increase Investment
Kakinada,Technology,2019,14961.0,331.0,0.2672836711521125,62,Medium,104.88470895151349,Job Creation Program
Guntur,Manufacturing,2016,14962.0,736.0,-4.771286606849069,259,Low,711.8833305735909,Job Creation Program
Nellore,Energy,2021,8484.0,223.0,-1.7059260959008347,269,Low,168.19578480614115,Job Creation Program
Nellore,Agriculture,2022,36630.0,56.0,2.043338197304978,333,Low,613.1442693904908,Job Creation Program
Kakinada,Manufacturing,2015,2012.0,239.0,0.8622888499124777,153,Low,742.0608703512909,Job Creation Program
Kakinada,Healthcare,2019,19778.0,472.0,1.6717411865688803,325,Medium,931.8906184006051,Job Creation Program
Kakinada,Agriculture,2020,10584.0,646.0,-9.120188366849984,342,Medium,335.08358315014914,Job Creation Program
Guntur,Healthcare,2017,13215.0,264.0,10.107900890225562,230,Low,939.6848583501954,Increase Investment
Guntur,Manufacturing,2021,29206.0,695.0,14.075149325655836,442,Low,947.8222878133081,Increase Investment
Guntur,Manufacturing,2023,44099.0,426.0,8.273095833195518,139,High,234.2433882494129,Job Creation Program
Nellore,Technology,2015,16454.0,968.0,11.316219355608023,386,Low,499.54100336228566,Increase Investment
Visakhapatnam,Healthcare,2018,23869.0,919.0,15.554931991649358,395,Medium,558.9498250032576,Increase Investment
Guntur,Energy,2014,38080.0,682.0,7.843755051095071,158,High,1041.4944094484683,Job Creation Program
Kakinada,Agriculture,2016,28436.0,367.0,13.166789921876877,202,Medium,621.3221190132881,Increase Investment
Visakhapatnam,Agriculture,2019,28600.0,744.0,1.896792411396639,44,Medium,752.112135540791,Job Creation Program
Kakinada,Manufacturing,2019,36371.0,677.0,2.4316230148791798,402,High,684.4620878107321,Job Creation Program
Guntur,Manufacturing,2016,42286.0,532.0,1.955552172883908,160,Low,851.4035375597424,Job Creation Program
Kakinada,Manufacturing,2015,2471.0,837.0,7.367186317964965,159,Low,732.6633494813667,Job Creation Program
Visakhapatnam,Agriculture,2023,12158.0,465.0,-3.654268691013834,230,Low,291.00765058678564,Job Creation Program
Vijayawada,Healthcare,2014,5457.0,300.0,17.690647207921185,173,High,989.0719416237636,Increase Investment
Nellore,Healthcare,2017,21193.0,648.0,0.1449391265044193,421,High,781.9392055397486,Job Creation Program
Visakhapatnam,Technology,2016,18591.0,192.0,0.1319446646089979,343,Medium,262.2533337560493,Job Creation Program
Vijayawada,Healthcare,2021,37554.0,90.0,-1.7820620116373709,114,Low,479.39614418952635,Job Creation Program
Vijayawada,Energy,2020,26206.0,498.0,7.924077562088449,441,High,913.4619062592005,Job Creation Program
Kakinada,Agriculture,2015,23633.0,125.0,-6.94878746892136,445,High,622.3140156638483,Job Creation Program
Nellore,Agriculture,2015,44939.0,948.0,-0.2953328073027137,147,Medium,353.20024498677026,Job Creation Program
Nellore,Energy,2015,23542.0,228.0,15.209070481834235,412,Medium,978.676680698582,Increase Investment
Vijayawada,Healthcare,2014,14541.0,851.0,-3.97501629600923,191,Low,166.17261132096144,Job Creation Program
Kakinada,Energy,2016,47978.0,345.0,4.966526661029079,78,Medium,916.1345169805503,Job Creation Program
Visakhapatnam,Energy,2016,16023.0,413.0,1.161128490652776,485,Low,905.7954606663959,Job Creation Program
Nellore,Agriculture,2018,17849.0,125.0,11.310758317215278,499,High,937.1384478965191,Increase Investment
Vijayawada,Healthcare,2015,,328.0,5.61252950164101,24,High,610.4090967653825,Job Creation Program
Guntur,Manufacturing,2018,49205.0,,8.89351340348437,274,High,321.535691835777,Job Creation Program
Guntur,Manufacturing,2019,37417.0,346.0,13.28912357168932,270,Low,662.980367558045,Increase Investment
Guntur,Agriculture,2015,31748.0,737.0,-4.987357882713669,301,Medium,679.2431724044003,Job Creation Program
Kakinada,Healthcare,2018,8403.0,,1.9224898755692958,255,High,347.208115974569,Job Creation Program
Nellore,Technology,2019,43824.0,163.0,1.0050381463487454,50,Low,539.6382121785484,Job Creation Program
Kakinada,Agriculture,2016,20622.0,582.0,5.8876727953641,271,Low,308.2662556690191,Job Creation Program
Vijayawada,Technology,2014,8136.0,911.0,3.11135377585512,483,Low,272.34443289804017,Job Creation Program
Kakinada,Energy,2019,13248.0,988.0,0.7435269718706108,491,High,383.34604648208165,Job Creation Program
Nellore,Technology,2017,47541.0,927.0,4.482088261207785,351,Medium,198.54895818139616,Job Creation Program
Visakhapatnam,Manufacturing,2022,12058.0,746.0,8.476547259142032,326,Medium,281.23504255319955,Job Creation Program
Kakinada,Energy,2014,2117.0,601.0,10.34122991050402,310,Medium,574.1507917621292,Increase Investment
Guntur,Agriculture,2022,45023.0,646.0,-8.54440304821847,45,Low,142.80315630850868,Job Creation Program
Kakinada,Healthcare,2023,48664.0,554.0,12.109203791989515,235,Low,1031.084989007622,Increase Investment
Vijayawada,Healthcare,2021,16229.0,253.0,8.787577039436272,135,High,587.2325699097738,Job Creation Program
Nellore,Agriculture,2018,40175.0,354.0,10.815142837244892,134,Medium,879.2856056438469,Increase Investment
Guntur,Healthcare,2022,6371.0,657.0,4.716866641506815,243,Medium,455.98981383469976,Job Creation Program
Kakinada,Agriculture,2020,21609.0,985.0,-6.0865763375455515,66,Low,561.0472230751764,Job Creation Program
Guntur,Energy,2021,21028.0,185.0,17.188472124321493,158,High,919.7986734299948,Increase Investment
Kakinada,Manufacturing,2023,38907.0,473.0,13.22036743453183,354,Medium,628.5323379653355,Increase Investment
Visakhapatnam,Technology,2022,48817.0,209.0,-3.7649113098869877,73,Low,663.1313353623362,Job Creation Program
Visakhapatnam,Technology,2021,8700.0,400.0,18.432652959301308,307,Low,222.43265295930132,Job Creation Program
Visakhapatnam,Healthcare,2014,32943.0,597.0,15.010584351055929,384,Medium,422.61318857580386,Increase Investment
Guntur,Healthcare,2021,,793.0,0.5803598076731848,310,Low,884.6022532748484,Job Creation Program
Visakhapatnam,Manufacturing,2020,8009.0,58.0,3.5319724007865148,121,Low,318.0485439924562,Job Creation Program
Visakhapatnam,Technology,2019,31622.0,105.0,4.357849619378195,280,Medium,647.5757421003472,Job Creation Program
Vijayawada,Energy,2019,4504.0,624.0,4.371026663461215,49,Medium,405.275206379998,Job Creation Program
Nellore,Technology,2014,41948.0,515.0,9.16485675595484,91,Low,967.1990122931675,Job Creation Program
Guntur,Manufacturing,2018,17255.0,218.0,6.747925597388026,131,Low,849.710477802306,Job Creation Program
Vijayawada,Healthcare,2020,32657.0,296.0,9.710771294526209,20,Low,251.74388303179757,Job Creation Program
Guntur,Energy,2017,29651.0,173.0,10.711355071701213,281,High,457.5306442740431,Increase Investment
Visakhapatnam,Agriculture,2018,30396.0,579.0,8.593505853413895,23,Low,823.7563988912665,Job Creation Program
Vijayawada,Healthcare,2022,18665.0,626.0,2.3972514859498713,196,Medium,853.0067943020462,Job Creation Program
Guntur,Healthcare,2020,3889.0,,15.438869528675479,57,Low,813.7421501939714,Increase Investment
Kakinada,Energy,2019,11117.0,160.0,11.870127631524113,124,Low,841.9922042104386,Increase Investment
Vijayawada,Agriculture,2014,47282.0,984.0,11.204900420930354,492,High,463.2562201419547,Increase Investment
Nellore,Energy,2020,45211.0,267.0,-1.9568965509942942,330,Low,417.69377155221133,Job Creation Program
Kakinada,Technology,2022,41629.0,,-1.600158729103816,487,High,642.3907492146619,Job Creation Program
Kakinada,Manufacturing,2018,42025.0,423.0,0.46243185144076016,155,Medium,129.9560867315944,Job Creation Program
Visakhapatnam,Agriculture,2021,7043.0,634.0,11.88686937363061,35,Medium,245.36275182881806,Increase Investment
Visakhapatnam,Manufacturing,2014,30246.0,977.0,-2.2134888281427356,493,Medium,570.3742141490454,Job Creation Program
Kakinada,Energy,2016,22531.0,305.0,-3.5142892821944227,121,High,753.281417689307,Job Creation Program
Nellore,Energy,2022,26790.0,173.0,13.246492297306425,374,High,443.9164316743401,Increase Investment
Guntur,Technology,2019,46356.0,545.0,1.215520544674943,346,Low,207.62458696847844,Job Creation Program
Vijayawada,Agriculture,2020,15142.0,756.0,-7.27038782579156,406,High,317.0358680370158,Job Creation Program
Vijayawada,Energy,2016,19703.0,840.0,-19.592056732617518,407,High,640.8566808615033,Job Creation Program
Visakhapatnam,Manufacturing,2019,35674.0,941.0,0.2884925782682837,38,Medium,234.71471516150456,Job Creation Program
Kakinada,Agriculture,2022,2863.0,415.0,8.876539457430855,102,High,461.83763874833807,Job Creation Program
Visakhapatnam,Agriculture,2023,30922.0,446.0,-8.276673470647427,310,Medium,915.0860363209125,Job Creation Program
Vijayawada,Agriculture,2022,7914.0,451.0,4.753633570913863,435,Low,528.4388874048216,Job Creation Program
Nellore,Technology,2023,17273.0,728.0,5.376142256129889,293,Low,280.1383156246256,Job Creation Program
Nellore,Agriculture,2022,33759.0,646.0,-7.629555620948549,12,Low,696.7130706886724,Job Creation Program
Nellore,Manufacturing,2019,14578.0,,8.528965955096561,119,High,796.2778291405928,Job Creation Program
Visakhapatnam,Energy,2023,12403.0,217.0,15.399302694452377,203,Medium,435.4164868469617,Increase Investment
Guntur,Agriculture,2016,42609.0,854.0,11.074118444502957,76,Medium,240.57297151605525,Increase Investment
Visakhapatnam,Agriculture,2023,4457.0,986.0,-7.309660963132227,430,Low,29.926742903516242,Job Creation Program
Nellore,Technology,2021,27071.0,984.0,-3.09207113312553,36,High,550.5740200500447,Job Creation Program
Vijayawada,Healthcare,2020,12074.0,562.0,5.552007110863631,10,Low,177.2022799630536,Job Creation Program
Guntur,Healthcare,2021,15539.0,276.0,15.573871885161473,314,High,292.98388640304563,Increase Investment
Nellore,Energy,2018,17650.0,146.0,3.8379697250009137,44,Medium,573.6034357985013,Job Creation Program
Guntur,Healthcare,2016,4190.0,902.0,6.568162841846036,471,Medium,915.2448288334513,Job Creation Program
Kakinada,Agriculture,2017,2218.0,829.0,-0.6974286587314751,85,Low,441.2183164191161,Job Creation Program
Kakinada,Technology,2016,44689.0,462.0,19.248121115955506,343,Low,515.9263195557144,Increase Investment
Kakinada,Technology,2018,47520.0,504.0,19.09128787697118,28,Medium,1075.2200908999348,Increase Investment
Guntur,Manufacturing,2015,,787.0,-1.8066679518261504,158,Medium,281.7815232191282,Job Creation Program
Kakinada,Energy,2020,32379.0,837.0,-3.7283266680136244,34,Low,847.793905788726,Job Creation Program
Visakhapatnam,Energy,2020,,594.0,14.317582040930823,220,Low,955.0464373231291,Increase Investment
Kakinada,Technology,2023,23720.0,369.0,3.0225916827066204,184,Medium,450.15336330918745,Job Creation Program
Kakinada,Energy,2018,25761.0,602.0,19.96873779148917,60,Medium,365.2118015047648,Increase Investment
Nellore,Energy,2017,49793.0,231.0,16.258869569340078,426,Medium,1025.5579887051756,Increase Investment
Nellore,Agriculture,2015,7549.0,52.0,14.17796271281587,247,Medium,287.37254061066426,Increase Investment
Kakinada,Healthcare,2019,34415.0,132.0,14.5234315449541,494,Medium,849.1709296393394,Increase Investment
Guntur,Healthcare,2014,30290.0,692.0,9.732703613145507,208,Low,990.3503090029669,Job Creation Program
Nellore,Agriculture,2021,31200.0,,13.97648184179284,488,High,975.7450440339866,Increase Investment
Visakhapatnam,Agriculture,2018,11790.0,179.0,-7.969602900012697,431,High,830.7344108089773,Job Creation Program
Vijayawada,Manufacturing,2016,5305.0,166.0,4.349910155692379,324,High,999.2208508584494,Job Creation Program
Vijayawada,Energy,2021,9281.0,640.0,16.362722279267647,230,Medium,259.72142258731293,Increase Investment
Kakinada,Manufacturing,2018,21022.0,292.0,15.17469870638812,83,Low,1008.3101202226533,Increase Investment
Visakhapatnam,Agriculture,2019,46828.0,93.0,7.011756554434285,428,Low,167.5209335956239,Job Creation Program
Nellore,Healthcare,2015,22399.0,591.0,16.050379217438717,185,Medium,226.8577411750628,Increase Investment
Vijayawada,Healthcare,2020,46328.0,742.0,10.349685178290615,246,Low,809.7946640229163,Increase Investment
Guntur,Manufacturing,2019,17690.0,363.0,17.17867019529573,226,Low,566.3585728089236,Increase Investment
Vijayawada,Manufacturing,2019,15854.0,655.0,-3.978582810911761,447,Medium,110.94028258852796,Job Creation Program
Nellore,Manufacturing,2017,7326.0,,10.296583334313771,472,High,1051.1303700050591,Increase Investment
Guntur,Healthcare,2021,18399.0,144.0,15.177994354645321,182,Low,199.85631187068927,Increase Investment
Kakinada,Agriculture,2015,15965.0,122.0,10.607832078573608,31,High,819.9415551358599,Increase Investment
Guntur,Healthcare,2023,,580.0,19.132885642974326,434,High,425.9707367292511,Increase Investment
Visakhapatnam,Energy,2014,38742.0,996.0,19.79717654842921,199,High,999.1798784223549,Increase Investment
Visakhapatnam,Healthcare,2019,12886.0,107.0,-1.719938386806001,368,Medium,803.1596659261176,Job Creation Program
Guntur,Energy,2023,10444.0,392.0,2.4161477520222174,225,High,222.4712991879271,Job Creation Program
Guntur,Manufacturing,2017,13105.0,763.0,8.837173780342999,255,Low,921.4276359440171,Job Creation Program
Kakinada,Technology,2022,25739.0,352.0,11.224518179954643,41,Medium,640.5103039934404,Increase Investment
Visakhapatnam,Healthcare,2017,30008.0,336.0,7.604967461563957,40,Medium,896.5526906708549,Job Creation Program
Nellore,Energy,2023,26316.0,535.0,12.325973671250203,370,Medium,864.9439591411885,Increase Investment
Kakinada,Technology,2017,44450.0,,14.04155290734246,153,Medium,1045.3310887692996,Increase Investment
Guntur,Healthcare,2016,14669.0,286.0,17.50349332064251,304,Low,366.05999089703755,Increase Investment
Guntur,Healthcare,2019,37360.0,552.0,-2.2231283838873943,385,Medium,509.7283313209416,Job Creation Program
Vijayawada,Manufacturing,2023,48578.0,642.0,9.943501956447799,181,High,435.8372825603949,Job Creation Program
Visakhapatnam,Agriculture,2020,9393.0,550.0,4.320353349633777,492,Low,779.7619434229857,Job Creation Program
Vijayawada,Energy,2016,48573.0,349.0,5.818545641559323,355,Low,818.306724289042,Job Creation Program
Guntur,Healthcare,2022,21359.0,160.0,17.7272363817925,310,Medium,140.363578210868,Increase Investment
Guntur,Agriculture,2020,41709.0,522.0,-5.274948967250833,34,Medium,655.4647663909507,Job Creation Program
Kakinada,Agriculture,2021,3115.0,545.0,3.3520425883293825,426,Low,314.26863210639516,Job Creation Program
Nellore,Healthcare,2015,35685.0,,19.057651117369986,436,Low,590.6391450422474,Increase Investment
Kakinada,Technology,2018,20194.0,490.0,17.18767975295322,498,Medium,552.2196307894708,Increase Investment
Visakhapatnam,Manufacturing,2017,30808.0,901.0,5.665831961332795,244,Low,221.04914597160848,Job Creation Program
Visakhapatnam,Healthcare,2021,10597.0,431.0,8.18665712634443,194,Medium,168.28449221454449,Job Creation Program
Guntur,Agriculture,2020,46645.0,793.0,8.266138730070331,108,Low,695.5504801294577,Job Creation Program
Vijayawada,Healthcare,2019,28240.0,239.0,4.55072477334471,14,High,869.8762322082939,Job Creation Program
Vijayawada,Manufacturing,2020,22241.0,716.0,-3.6866510400072947,88,High,550.6035785535478,Job Creation Program
Guntur,Manufacturing,2023,32973.0,842.0,17.05234318542803,406,High,380.580729621304,Increase Investment
Guntur,Technology,2021,1608.0,818.0,9.261536461910875,20,High,516.759368258431,Job Creation Program
Kakinada,Agriculture,2021,36584.0,840.0,-4.770164958899919,455,High,459.93061434524066,Job Creation Program
Guntur,Technology,2019,12381.0,188.0,14.835751624159904,249,Low,335.89121305342064,Increase Investment
Visakhapatnam,Energy,2020,25029.0,701.0,-2.7738910043886076,447,Low,473.55502405923585,Job Creation Program
Kakinada,Healthcare,2020,3015.0,300.0,9.862056220651004,151,Medium,159.58616866195302,Job Creation Program
Nellore,Energy,2023,30416.0,789.0,9.886080353673837,246,High,710.0011739904866,Job Creation Program
Nellore,Healthcare,2020,21867.0,111.0,-3.9291349625365193,233,Medium,748.6386601915844,Job Creation Program
Nellore,Agriculture,2022,38156.0,284.0,-4.669220843061522,454,Medium,435.7394128057053,Job Creation Program
Vijayawada,Agriculture,2020,21065.0,72.0,13.833768044348528,259,Medium,935.9603129919309,Increase Investment
Guntur,Technology,2023,21444.0,465.0,11.897218935515333,334,High,943.3220680501463,Increase Investment
Guntur,Agriculture,2023,7118.0,643.0,0.7381573547520013,400,Low,107.74635179105537,Job Creation Program
Vijayawada,Energy,2019,37091.0,528.0,11.682735359666417,39,High,684.6848426990387,Increase Investment
Guntur,Agriculture,2020,1241.0,252.0,3.0958810096555247,303,High,316.80162014433193,Job Creation Program
Vijayawada,Agriculture,2016,13745.0,,-1.7080270448816677,402,Medium,500.70059691936353,Job Creation Program
Vijayawada,Manufacturing,2019,18224.0,403.0,10.027556213730872,244,Medium,206.4110515413354,Increase Investment
Nellore,Healthcare,2020,,116.0,-4.296913264552095,215,Low,928.0155806131196,Job Creation Program
Vijayawada,Healthcare,2014,,71.0,-1.6845490816267943,491,Medium,261.803970152045,Job Creation Program
Guntur,Technology,2023,20224.0,276.0,11.045870491272275,375,High,557.4866025559115,Increase Investment
Guntur,Healthcare,2017,12084.0,988.0,58.77474515887647,348,High,314.1736205424249,Increase Investment
Nellore,Energy,2017,7179.0,954.0,3.113875356006311,486,Low,540.7063708963002,Job Creation Program
Visakhapatnam,Manufacturing,2014,,693.0,-2.95400866638585,133,Low,682.5287199419461,Job Creation Program
Guntur,Energy,2020,49157.0,716.0,1.2676501445297825,165,Low,1006.0763750348333,Job Creation Program
Visakhapatnam,Technology,2018,23201.0,411.0,15.39586974089546,20,Medium,855.2770246350804,Increase Investment
Nellore,Manufacturing,2023,12159.0,182.0,15.716000974652424,218,Low,531.6031217738674,Increase Investment
Vijayawada,Technology,2014,23574.0,164.0,16.791297030970544,303,Medium,683.5377271307917,Increase Investment
Nellore,Manufacturing,2018,6301.0,481.0,9.861447615166002,495,Low,591.4335630289485,Job Creation Program
Visakhapatnam,Manufacturing,2017,25469.0,628.0,17.039085053028522,171,Low,823.0054541330192,Increase Investment
Nellore,Technology,2023,31765.0,982.0,-2.906274843805541,399,Medium,438.4603810338296,Job Creation Program
Kakinada,Energy,2021,20049.0,546.0,-1.2738235811007121,452,High,611.0449232471901,Job Creation Program
Vijayawada,Energy,2023,4059.0,175.0,-4.953651087961975,199,High,561.3311105960665,Job Creation Program
Guntur,Agriculture,2015,27965.0,181.0,-5.45902775305064,152,Medium,488.1191597669783,Job Creation Program
Visakhapatnam,Manufacturing,2016,4334.0,761.0,8.722226587393433,88,High,783.376144330064,Job Creation Program
Guntur,Technology,2023,9899.0,175.0,9.591449815635487,182,Medium,681.7850371773621,Job Creation Program
Visakhapatnam,Manufacturing,2022,48119.0,86.0,18.072441917885104,305,High,434.5423000493812,Increase Investment
Guntur,Energy,2018,5378.0,688.0,18.83614179635583,216,High,891.5926555589281,Increase Investment
Vijayawada,Technology,2021,34954.0,248.0,5.386132908555576,57,Medium,877.3576096132178,Job Creation Program
Guntur,Manufacturing,2020,27289.0,476.0,-1.2176551076152355,98,High,440.2039616877515,Job Creation Program
Guntur,Healthcare,2023,16479.0,960.0,1.7592631362621667,60,Medium,669.8889261081168,Job Creation Program
Vijayawada,Technology,2019,11196.0,277.0,-3.5239124699549382,286,Medium,845.2387624582249,Job Creation Program
Kakinada,Energy,2022,38055.0,98.0,17.566450169487457,246,Medium,283.21512116609773,Increase Investment
Vijayawada,Manufacturing,2017,3454.0,865.0,-1.3979841964762025,219,Low,463.90743670048084,Job Creation Program
Vijayawada,Healthcare,2014,21098.0,693.0,3.865983657006577,239,Low,354.7912667430556,Job Creation Program
Nellore,Technology,2017,2530.0,824.0,0.8154248619306408,125,High,838.7191008623084,Job Creation Program
Guntur,Energy,2020,39729.0,473.0,12.338069155103696,433,High,1055.3590671036404,Increase Investment
Visakhapatnam,Agriculture,2021,24589.0,,4.959465583124922,260,High,1027.3123483074305,Job Creation Program
Nellore,Manufacturing,2015,29475.0,739.0,13.522281020448332,44,High,239.92965674111318,Increase Investment
Visakhapatnam,Agriculture,2015,8568.0,356.0,1.6847569645397495,211,Low,759.9977347937615,Job Creation Program
Guntur,Healthcare,2014,29310.0,920.0,16.920660848577068,42,High,323.67007980690903,Increase Investment
Nellore,Healthcare,2015,42143.0,887.0,5.6680981150341,415,Low,583.2760302803524,Job Creation Program
Vijayawada,Technology,2017,18556.0,457.0,5.200891974737894,278,Low,524.7680763245522,Job Creation Program
Nellore,Healthcare,2019,38445.0,91.0,6.979886354889235,150,Low,676.3516965829492,Job Creation Program
Vijayawada,Agriculture,2018,,56.0,14.176720850673451,88,Low,733.9389636763772,Increase Investment
Vijayawada,Energy,2022,10349.0,311.0,12.81143105811083,386,Medium,791.8435505907247,Increase Investment
Nellore,Manufacturing,2016,22947.0,391.0,2.1781458280743147,235,High,231.51655018777058,Job Creation Program
Nellore,Energy,2016,1657.0,242.0,1.5395249042737191,354,Low,982.7256502683424,Job Creation Program
Guntur,Technology,2023,31731.0,142.0,19.615409029054998,95,Medium,915.8538808212581,Increase Investment
Kakinada,Energy,2018,28870.0,,-4.657045582532744,33,Medium,682.724144512559,Job Creation Program
Visakhapatnam,Manufacturing,2015,27234.0,69.0,4.414735637013424,289,High,373.04616758953927,Job Creation Program
Guntur,Healthcare,2017,34551.0,213.0,8.667228242563874,18,Medium,129.46119615666106,Job Creation Program
Nellore,Manufacturing,2023,30787.0,921.0,16.717889242687118,140,Low,405.9717599251484,Increase Investment
Kakinada,Agriculture,2017,48403.0,679.0,0.9777798500147092,288,Low,370.63912518159987,Job Creation Program
Nellore,Agriculture,2020,42312.0,159.0,-6.920749898076464,151,Low,594.9960076620584,Job Creation Program
Visakhapatnam,Manufacturing,2017,14751.0,,7.638252547872417,144,Low,403.35197129015984,Job Creation Program
Visakhapatnam,Agriculture,2017,15199.0,500.0,-8.347422590626024,365,Medium,834.2628870468699,Job Creation Program
Nellore,Energy,2017,28010.0,582.0,12.442894496818518,142,High,676.4176459714838,Increase Investment
Kakinada,Energy,2021,29985.0,706.0,-3.1541258971111246,232,Low,492.7318711663955,Job Creation Program
Visakhapatnam,Agriculture,2022,17773.0,674.0,-7.90625133501257,331,Medium,562.7118660020153,Job Creation Program
Vijayawada,Manufacturing,2017,25299.0,412.0,1.8701466855493862,418,Medium,950.7050043444634,Job Creation Program
Visakhapatnam,Energy,2019,12738.0,532.0,-1.5366998684843325,413,High,251.82475669966334,Job Creation Program
Visakhapatnam,Healthcare,2017,40474.0,393.0,5.542727122661008,328,Medium,598.7829175920577,Job Creation Program
Nellore,Technology,2015,35246.0,408.0,19.44758436202692,320,High,292.34614419706986,Increase Investment
Visakhapatnam,Energy,2023,31929.0,570.0,19.65863807725868,45,Low,274.05423704037446,Increase Investment
Visakhapatnam,Agriculture,2019,37444.0,560.0,6.341285493310728,365,High,501.51119876254006,Job Creation Program
Guntur,Healthcare,2014,47363.0,862.0,-0.6437673035296694,63,High,904.4507258435742,Job Creation Program
Vijayawada,Energy,2023,1745.0,64.0,2.1701521345064663,375,Medium,818.3888973660842,Job Creation Program
Vijayawada,Healthcare,2017,35132.0,,14.703824465364669,175,Low,766.5247197810314,Increase Investment
Vijayawada,Technology,2015,47165.0,950.0,2.412699757301003,48,High,276.92064769435956,Job Creation Program
Kakinada,Agriculture,2015,34850.0,637.0,4.726428756134643,25,High,997.1073511765777,Job Creation Program
Vijayawada,Agriculture,2018,30351.0,591.0,-37.12728663460671,278,Low,215.1444339973686,Job Creation Program
Vijayawada,Agriculture,2018,10987.0,522.0,8.242470857772748,301,Low,840.0256978775737,Job Creation Program
Nellore,Technology,2018,41095.0,947.0,9.534777479945834,494,Medium,277.29434273508707,Job Creation Program
Vijayawada,Agriculture,2021,49726.0,123.0,11.758584884452883,78,High,1010.463059407877,Increase Investment
Visakhapatnam,Healthcare,2022,12526.0,,4.351514372979356,83,High,419.1356352659009,Job Creation Program
Visakhapatnam,Manufacturing,2014,36300.0,705.0,-2.416283811880616,124,Low,147.96519912624166,Job Creation Program
Kakinada,Energy,2023,35243.0,207.0,3.0404687431825295,215,Medium,938.2937702983878,Job Creation Program
Vijayawada,Energy,2014,29308.0,,17.39477506442204,106,Low,619.5711176095175,Increase Investment
Nellore,Healthcare,2021,13921.0,248.0,3.0517340246200213,389,Medium,611.5683003810576,Job Creation Program
Kakinada,Manufacturing,2018,33790.0,375.0,2.3578169660784285,484,High,300.8418136227941,Job Creation Program
Kakinada,Manufacturing,2014,23695.0,728.0,-3.888287362022151,72,Medium,712.6932680044788,Job Creation Program
Vijayawada,Agriculture,2021,36159.0,373.0,-5.781581107565783,139,Medium,126.43470246877963,Job Creation Program
Visakhapatnam,Technology,2018,9571.0,810.0,-4.751227273762308,188,Medium,858.5150590825253,Job Creation Program
Vijayawada,Healthcare,2016,37313.0,148.0,12.903019928274862,29,Low,477.0964694938468,Increase Investment
Visakhapatnam,Technology,2016,19894.0,982.0,16.248859076667248,166,High,1106.5637961328723,Increase Investment
Nellore,Agriculture,2015,20490.0,79.0,-4.317666228125191,320,Low,352.58904367978107,Job Creation Program
Nellore,Technology,2020,30082.0,576.0,7.711217159469943,402,Low,714.4166108385468,Job Creation Program
Visakhapatnam,Technology,2021,16285.0,155.0,11.373488203739146,159,Medium,121.62890671579568,Increase Investment
Visakhapatnam,Technology,2023,24630.0,654.0,15.897374944499202,186,High,1035.9688321370247,Increase Investment
Visakhapatnam,Energy,2021,41081.0,704.0,17.630128295439068,305,Medium,568.1161031998911,Increase Investment
Kakinada,Energy,2018,20938.0,255.0,4.855244094552852,150,Medium,657.3808724411098,Job Creation Program
Visakhapatnam,Agriculture,2018,19586.0,,7.363168306516407,399,Medium,1006.0715088239333,Job Creation Program
Nellore,Manufacturing,2022,10294.0,800.0,-4.257519639258874,327,High,911.939842885929,Job Creation Program
Vijayawada,Agriculture,2022,34096.0,740.0,-1.6607084639587626,231,High,759.7107573667051,Job Creation Program
Nellore,Manufacturing,2023,18004.0,443.0,11.514051261490152,134,High,445.00724708840136,Increase Investment
Guntur,Technology,2023,42003.0,646.0,13.687987371024654,235,Low,561.4243984168193,Increase Investment
Vijayawada,Energy,2014,46427.0,642.0,7.709090831351292,410,Low,620.4923631372753,Job Creation Program
Vijayawada,Agriculture,2022,,89.0,-3.484574300779899,382,Low,661.8987288723059,Job Creation Program
Guntur,Healthcare,2015,35052.0,930.0,14.609543948046394,419,High,499.8687587168315,Increase Investment
Vijayawada,Manufacturing,2022,8194.0,231.0,4.385124344622891,239,High,909.1296372360789,Job Creation Program
Kakinada,Healthcare,2018,23168.0,344.0,-3.6397793046031204,317,Medium,809.4791591921653,Job Creation Program
Visakhapatnam,Manufacturing,2020,23204.0,440.0,10.246476513428922,410,Low,716.0844966590872,Increase Investment
Visakhapatnam,Manufacturing,2019,7269.0,131.0,4.110611937367244,228,High,286.3849016379511,Job Creation Program
Nellore,Agriculture,2014,33097.0,424.0,-9.28611847908674,234,Medium,107.62685764867223,Job Creation Program
Nellore,Technology,2020,25305.0,421.0,12.915259371305734,341,Medium,741.3732419531972,Increase Investment
Visakhapatnam,Healthcare,2018,21967.0,902.0,7.751375399067378,82,Low,921.9174060995878,Job Creation Program
Nellore,Manufacturing,2022,30756.0,144.0,16.800221337499693,45,Low,273.19231872599954,Increase Investment
Guntur,Manufacturing,2021,11428.0,712.0,0.7648935289625669,174,Medium,239.44604192621347,Job Creation Program
Kakinada,Energy,2020,12866.0,877.0,4.172047823102847,329,Medium,388.58885940861194,Job Creation Program
Nellore,Agriculture,2022,,902.0,-3.2989099478842148,227,Low,916.2438322700843,Job Creation Program
Visakhapatnam,Manufacturing,2019,26862.0,109.0,11.556957531207328,17,Medium,452.597083709016,Increase Investment
Vijayawada,Agriculture,2023,38088.0,328.0,-0.149561193929733,310,Low,500.50943928391047,Job Creation Program
Visakhapatnam,Healthcare,2021,17368.0,210.0,-3.144351714406555,112,Low,381.39686139974623,Job Creation Program
Visakhapatnam,Manufacturing,2022,21647.0,623.0,-0.45403625629502464,225,Low,270.171354123282,Job Creation Program
Visakhapatnam,Healthcare,2017,4914.0,156.0,16.7710319083419,420,Medium,171.16280977701336,Increase Investment
Visakhapatnam,Technology,2017,37566.0,167.0,-2.022162428158723,133,Low,358.6229887449749,Job Creation Program
Nellore,Technology,2019,21428.0,240.0,4.637940973551187,90,Medium,786.1310583365229,Job Creation Program
Visakhapatnam,Energy,2015,20640.0,765.0,1.368406940937824,494,Low,860.4683130981743,Job Creation Program
Vijayawada,Energy,2015,32454.0,906.0,14.815523455185133,37,Low,1046.2286425039774,Increase Investment
Guntur,Energy,2021,40056.0,501.0,3.9385475856497454,495,High,891.7321234041052,Job Creation Program
Visakhapatnam,Agriculture,2020,,926.0,-1.869207808045406,379,High,559.6911356974996,Job Creation Program
Vijayawada,Agriculture,2016,18653.0,289.0,-7.091606939780514,211,Medium,285.50525594403433,Job Creation Program
Visakhapatnam,Energy,2015,4187.0,261.0,-4.597450541782829,277,Medium,682.0006540859468,Job Creation Program
Kakinada,Energy,2018,23335.0,692.0,16.72397799312487,132,High,1084.7299277124241,Increase Investment
Kakinada,Healthcare,2017,47477.0,126.0,1.5809284692388257,195,High,334.99196987124094,Job Creation Program
Guntur,Energy,2023,31705.0,468.0,18.402073362876312,417,Low,775.1217033382611,Increase Investment
Kakinada,Agriculture,2022,16191.0,749.0,2.589369085940458,429,Low,341.394374453694,Job Creation Program
Guntur,Healthcare,2018,29950.0,172.0,5.501221355282297,474,Medium,766.4621007310856,Job Creation Program
Visakhapatnam,Manufacturing,2020,15371.0,909.0,14.918358801126189,436,Low,789.6078815022371,Increase Investment
Guntur,Energy,2018,6192.0,440.0,-2.175938305222995,197,High,427.42587145701884,Job Creation Program
Kakinada,Agriculture,2021,38742.0,823.0,-3.156932422939648,127,Low,265.0184461592067,Job Creation Program
Guntur,Agriculture,2014,42058.0,522.0,-3.500703397011079,118,High,405.7263282676022,Job Creation Program
Guntur,Energy,2018,39706.0,978.0,17.34921465486599,386,Medium,354.6753193245894,Increase Investment
Guntur,Technology,2023,19810.0,931.0,9.087396441152942,141,Medium,368.6036608671339,Job Creation Program
Visakhapatnam,Technology,2015,26091.0,795.0,7.430717518212042,79,High,826.0742042697857,Job Creation Program
Kakinada,Manufacturing,2023,1623.0,591.0,-1.4002496021408195,497,High,434.7245248513478,Job Creation Program
Nellore,Energy,2015,44668.0,451.0,0.4246991124732524,184,Medium,361.91539299725434,Job Creation Program
Nellore,Technology,2014,45695.0,206.0,19.497101549919112,438,Low,991.1640291928334,Increase Investment
Guntur,Manufacturing,2021,38700.0,871.0,-0.2013928034243948,24,Low,559.2458686821735,Job Creation Program
Kakinada,Agriculture,2014,3806.0,934.0,6.38164043867182,263,Low,471.6045216971948,Job Creation Program
Kakinada,Agriculture,2017,36196.0,369.0,-0.6070700754015164,20,Low,293.7599114217684,Job Creation Program
Kakinada,Agriculture,2018,8567.0,369.0,5.6019821987456595,398,Medium,754.6713143133715,Job Creation Program
Nellore,Agriculture,2022,29668.0,,12.988888649880725,233,Low,762.7198865203179,Increase Investment
Nellore,Agriculture,2017,1515.0,467.0,4.1182250126845314,414,Medium,637.2321108092368,Job Creation Program
Vijayawada,Technology,2021,20519.0,808.0,13.093436123213746,238,High,457.7949638755671,Increase Investment
Kakinada,Agriculture,2019,1588.0,264.0,-4.492995805076877,163,Low,439.138491074597,Job Creation Program
Visakhapatnam,Agriculture,2019,47157.0,944.0,9.549602142726965,368,High,806.1482442273425,Job Creation Program
Vijayawada,Technology,2014,,264.0,9.09539622492339,166,High,612.0118460337977,Job Creation Program
Nellore,Energy,2023,16288.0,443.0,15.827322286261293,110,Medium,317.1150377281375,Increase Investment
Visakhapatnam,Technology,2017,26454.0,657.0,4.549185824450115,480,Low,537.8881508666373,Job Creation Program
Visakhapatnam,Energy,2020,14387.0,460.0,5.485541925396339,92,Low,555.2334928568232,Job Creation Program
Visakhapatnam,Agriculture,2020,31666.0,635.0,9.241820962769317,92,Medium,1032.6855631135852,Job Creation Program
Guntur,Manufacturing,2015,,68.0,-0.2368867743365124,311,High,288.83891699345116,Job Creation Program
Kakinada,Technology,2016,7210.0,927.0,9.990826058701861,57,High,796.6149575641663,Job Creation Program
Kakinada,Agriculture,2018,49797.0,951.0,-4.708888594378612,18,Medium,467.2184694674594,Job Creation Program
Vijayawada,Energy,2019,44539.0,445.0,8.694032247068414,401,Medium,442.6884434994544,Job Creation Program
Guntur,Agriculture,2021,18647.0,552.0,-36.995029707630295,360,Low,359.9468590034702,Job Creation Program
Visakhapatnam,Healthcare,2019,3480.0,896.0,13.319846368026923,455,High,424.3458234575212,Increase Investment
Kakinada,Energy,2021,46610.0,228.0,-2.7708198945378526,252,Low,966.6825306404537,Job Creation Program
Vijayawada,Healthcare,2020,19129.0,362.0,14.936298601955706,397,Medium,292.0694009390796,Increase Investment
Nellore,Technology,2014,44267.0,88.0,7.530633628582811,140,Medium,658.6269575931528,Job Creation Program
Guntur,Manufacturing,2016,41094.0,455.0,12.0379269590229,477,Medium,316.7725676635542,Increase Investment
Guntur,Energy,2022,35701.0,483.0,5.800138682906768,429,High,856.0146698384397,Job Creation Program
Visakhapatnam,Manufacturing,2015,42019.0,347.0,-4.382126063377313,240,Low,778.7940225600807,Job Creation Program
Visakhapatnam,Agriculture,2018,,87.0,-6.991388751621091,149,Low,585.9174917860896,Job Creation Program
Guntur,Manufacturing,2018,24852.0,253.0,13.359985104977689,124,Low,528.8007623155936,Increase Investment
Vijayawada,Technology,2015,46337.0,722.0,-2.242789496338908,257,Low,448.8070598364331,Job Creation Program
Vijayawada,Healthcare,2022,39839.0,61.0,-4.795532325182911,498,High,257.07472528163845,Job Creation Program
Kakinada,Technology,2022,2547.0,844.0,12.575222851146986,461,Medium,465.13488086368056,Increase Investment
Kakinada,Technology,2015,22889.0,938.0,12.4127493418499,223,Medium,867.4315888265521,Increase Investment
Guntur,Energy,2016,39225.0,134.0,3.538352193526091,304,Medium,246.74139193932496,Job Creation Program
Guntur,Energy,2022,12577.0,974.0,9.149170595713704,404,Medium,1016.1129216022515,Job Creation Program
Visakhapatnam,Manufacturing,2017,14263.0,697.0,0.3178051208512933,114,High,783.2151016923335,Job Creation Program
Kakinada,Healthcare,2020,12734.0,389.0,10.484683899232538,255,Medium,709.7854203680146,Increase Investment
Nellore,Manufacturing,2022,6893.0,375.0,19.499304481199157,332,High,814.1223918044968,Increase Investment
Visakhapatnam,Healthcare,2022,41320.0,410.0,11.651033812048507,204,High,689.7692386293988,Increase Investment
Nellore,Agriculture,2019,26794.0,701.0,4.535242397461412,467,High,578.7920492062045,Job Creation Program
Nellore,Manufacturing,2016,49061.0,711.0,-4.436668350763008,225,Medium,679.455288026075,Job Creation Program
Kakinada,Technology,2022,46212.0,774.0,2.964206592899534,136,Medium,258.9429590290424,Job Creation Program
Visakhapatnam,Manufacturing,2017,36092.0,733.0,7.739046601629806,271,Medium,248.72721158994648,Job Creation Program
Visakhapatnam,Agriculture,2020,28382.0,557.0,0.12854714738938888,179,Medium,619.7160076109589,Job Creation Program
Guntur,Healthcare,2016,16595.0,270.0,17.308981739056964,187,High,316.7342506954538,Increase Investment
Vijayawada,Manufacturing,2016,31468.0,782.0,7.826728817976619,126,Low,864.2050193565772,Job Creation Program
Visakhapatnam,Healthcare,2023,44750.0,886.0,6.392428775951528,113,Medium,581.6369189549305,Job Creation Program
Nellore,Energy,2021,13912.0,960.0,10.584547711728117,98,High,1077.61165803259,Increase Investment
Visakhapatnam,Energy,2016,33689.0,420.0,11.68532662790637,95,High,969.0783718372068,Increase Investment
Guntur,Energy,2016,35197.0,698.0,6.903713464722912,273,Medium,369.18791998376594,Job Creation Program
Kakinada,Energy,2021,47800.0,613.0,0.13963849893204738,312,Low,624.8559839984534,Job Creation Program
Visakhapatnam,Technology,2018,3637.0,839.0,-0.747342988854248,428,Medium,918.7297923235128,Job Creation Program
Vijayawada,Energy,2020,8779.0,315.0,6.811298009163323,67,Low,805.4555887288644,Job Creation Program
Vijayawada,Energy,2022,7508.0,972.0,-1.1858042184753073,339,Low,472.47398299642003,Job Creation Program
Guntur,Healthcare,2019,7595.0,,17.406731296393893,475,High,743.6446661764286,Increase Investment
Nellore,Agriculture,2018,43770.0,556.0,-2.199587423737994,406,Medium,586.7702939240168,Job Creation Program
Nellore,Healthcare,2023,8805.0,810.0,18.386180741242782,456,High,968.9280640040665,Increase Investment
Guntur,Agriculture,2014,38658.0,,-8.818569991677496,383,Medium,810.198292036619,Job Creation Program
Kakinada,Technology,2018,9173.0,141.0,12.272979402520491,261,High,988.3049009575539,Increase Investment
Nellore,Energy,2014,31335.0,919.0,1.1035281141517626,481,High,130.1414233690547,Job Creation Program
Guntur,Manufacturing,2018,28951.0,531.0,0.4461213563164854,86,Medium,793.3689044020406,Job Creation Program
Guntur,Technology,2015,23925.0,937.0,0.6270720893965205,154,Low,502.8756654776454,Job Creation Program
Visakhapatnam,Agriculture,2023,41006.0,139.0,0.3625816715207826,89,Medium,464.5039885234139,Job Creation Program
Visakhapatnam,Technology,2014,11294.0,116.0,4.481082430433579,83,High,840.198055619303,Job Creation Program
Kakinada,Energy,2019,16429.0,398.0,18.606326712061783,395,Low,873.0531803140059,Increase Investment
Vijayawada,Healthcare,2019,41079.0,296.0,1.627291724813472,426,Low,917.8167835054479,Job Creation Program
Vijayawada,Manufacturing,2021,8482.0,877.0,6.1705514961654515,245,Low,982.115736621371,Job Creation Program
Kakinada,Healthcare,2015,34322.0,185.0,3.8205797866675795,434,Medium,899.068072605335,Job Creation Program
Nellore,Healthcare,2014,14947.0,605.0,10.177028241385404,464,Low,852.5710208603817,Increase Investment
Kakinada,Healthcare,2017,46589.0,731.0,2.4047765963104224,166,Medium,579.5789169190292,Job Creation Program
Vijayawada,Agriculture,2019,3484.0,844.0,-0.5520548650954282,247,High,507.83516423464863,Job Creation Program
Visakhapatnam,Healthcare,2015,34365.0,671.0,18.64964084586463,217,Low,641.1390900757517,Increase Investment
Guntur,Manufacturing,2016,11976.0,154.0,5.134311760945883,86,High,957.9068401118567,Job Creation Program
Visakhapatnam,Agriculture,2019,45702.0,261.0,8.107176115941368,97,Low,811.159729662607,Job Creation Program
Guntur,Healthcare,2015,27596.0,127.0,15.11810026621039,315,Low,377.1999873380872,Increase Investment
Guntur,Agriculture,2019,37766.0,523.0,8.194477128038113,118,Low,472.8571153796393,Job Creation Program
Kakinada,Energy,2016,43131.0,555.0,8.191215132942173,407,Low,705.4612439878291,Job Creation Program
Guntur,Healthcare,2014,11051.0,955.0,13.051151829540878,242,High,1022.6384999721154,Increase Investment
Visakhapatnam,Energy,2015,15436.0,316.0,18.395959684390565,75,Medium,986.1312326026742,Increase Investment
Vijayawada,Technology,2022,11394.0,,0.2030281856663363,212,Low,984.7857190785287,Job Creation Program
Visakhapatnam,Manufacturing,2018,16381.0,324.0,1.1417287693992604,395,High,647.6992012128536,Job Creation Program
Nellore,Agriculture,2021,10662.0,477.0,-4.86172393077601,462,High,589.8095768501985,Job Creation Program
Vijayawada,Technology,2023,4751.0,702.0,14.738040511948736,309,Low,744.4610443938801,Increase Investment
Nellore,Healthcare,2021,25955.0,546.0,7.068169433749967,456,Medium,696.5922051082748,Job Creation Program
Visakhapatnam,Agriculture,2022,29228.0,288.0,-4.720737328637594,412,Medium,607.4042764935238,Job Creation Program
Vijayawada,Healthcare,2023,28060.0,980.0,15.117119911326302,289,High,1050.1477751309978,Increase Investment
Nellore,Technology,2021,3890.0,627.0,3.7723099862868352,462,High,728.6523836140185,Job Creation Program
Kakinada,Energy,2020,44714.0,286.0,-3.109372166345621,92,Low,869.1071956042515,Job Creation Program
Nellore,Manufacturing,2023,39177.0,547.0,2.6184939053628966,213,High,503.32316166233505,Job Creation Program
Kakinada,Healthcare,2016,17840.0,910.0,-0.5159819578824179,291,Medium,684.30456418327,Job Creation Program
Kakinada,Technology,2014,24257.0,519.0,19.78757084124915,395,Low,537.6974926660831,Increase Investment
Visakhapatnam,Manufacturing,2016,36622.0,604.0,5.319241262156947,50,Medium,422.12821722342795,Job Creation Program
Nellore,Technology,2014,42294.0,187.0,-1.1398754136817661,73,Low,706.8684329764151,Job Creation Program
Visakhapatnam,Agriculture,2019,2112.0,138.0,12.473777522281448,359,High,1016.2138129807483,Increase Investment
Vijayawada,Healthcare,2019,49686.0,901.0,3.462712635483749,330,Medium,324.19904084570857,Job Creation Program
Nellore,Agriculture,2022,17896.0,232.0,0.994433680095117,90,Medium,550.3070861378206,Job Creation Program
Kakinada,Agriculture,2022,22943.0,453.0,-6.1558062519658945,243,High,280.1141976785945,Job Creation Program
Kakinada,Technology,2020,48087.0,352.0,-3.2165085538816482,104,High,662.6778898903366,Job Creation Program
Vijayawada,Technology,2023,10537.0,598.0,15.910183302604366,495,Medium,195.1428961495741,Increase Investment
Nellore,Manufacturing,2019,35601.0,200.0,9.476044620391088,212,High,592.9520892407821,Job Creation Program
Kakinada,Healthcare,2020,3645.0,521.0,14.43968004294197,54,Medium,706.2307330237277,Increase Investment
Nellore,Agriculture,2023,,533.0,-6.1432170657490035,111,Low,450.2566530395578,Job Creation Program
Kakinada,Healthcare,2020,42181.0,801.0,9.916313518160743,106,Medium,261.4296712804676,Job Creation Program
Kakinada,Agriculture,2019,33501.0,428.0,13.039064661346885,411,High,494.8071967505647,Increase Investment
Guntur,Agriculture,2015,32630.0,804.0,1.3876103334064762,302,Medium,338.15638708058805,Job Creation Program
Visakhapatnam,Healthcare,2021,43209.0,277.0,4.209765354489624,453,Low,725.6610500319363,Job Creation Program
Vijayawada,Technology,2014,35644.0,207.0,10.35529636353309,44,Medium,941.4354634725134,Increase Investment
Kakinada,Agriculture,2016,33784.0,708.0,-9.247725331805183,197,Medium,379.5261046508193,Job Creation Program
Kakinada,Healthcare,2023,40811.0,750.0,12.373140623395017,280,Low,534.7985546754626,Increase Investment
Kakinada,Energy,2021,29161.0,795.0,8.987068980902565,128,Medium,755.4471983981754,Job Creation Program
Guntur,Healthcare,2020,31961.0,731.0,18.969877380541497,392,High,526.6698036517583,Increase Investment
Vijayawada,Technology,2014,22425.0,186.0,19.202995038185765,115,Medium,264.7175707710255,Increase Investment
Kakinada,Manufacturing,2014,22214.0,770.0,1.8617338380633637,413,Low,561.3353505530879,Job Creation Program
Kakinada,Manufacturing,2015,45219.0,673.0,8.850003587310578,445,High,1045.5605241426001,Job Creation Program
Vijayawada,Agriculture,2018,41723.0,241.0,11.916777481577583,409,High,785.719433730602,Increase Investment
Vijayawada,Energy,2023,42638.0,435.0,-2.244056113503674,122,Medium,443.238355906259,Job Creation Program
Guntur,Manufacturing,2020,20790.0,954.0,12.993830689746424,395,Low,1038.9611447801808,Increase Investment
Visakhapatnam,Technology,2023,29061.0,766.0,1.877437799372263,215,Low,849.3811735431915,Job Creation Program
Guntur,Technology,2017,16162.0,199.0,-2.423030434156621,342,Medium,532.1781694360283,Job Creation Program
Nellore,Energy,2014,24548.0,935.0,-2.890976627059806,464,High,150.96936853699083,Job Creation Program
Visakhapatnam,Healthcare,2015,5565.0,564.0,4.039178848778423,267,Low,271.78096870711033,Job Creation Program
Kakinada,Manufacturing,2018,1846.0,698.0,3.3618131682210652,104,Medium,998.465455914183,Job Creation Program
Nellore,Agriculture,2019,29548.0,242.0,-9.28156745829739,443,Medium,150.5386067509203,Job Creation Program
Visakhapatnam,Healthcare,2019,2304.0,656.0,8.075566176716267,381,High,564.9757141192587,Job Creation Program
Visakhapatnam,Technology,2016,47521.0,551.0,9.01919763835158,89,Low,628.6957789873172,Job Creation Program
Nellore,Energy,2015,14947.0,559.0,3.7997765564413584,217,Low,217.2407509505072,Job Creation Program
Nellore,Manufacturing,2017,1287.0,486.0,4.072025858486848,139,Low,611.790045672246,Job Creation Program
Visakhapatnam,Technology,2019,21641.0,248.0,19.75671742225149,481,High,692.9966592071837,Increase Investment
Nellore,Manufacturing,2023,20081.0,603.0,-0.8685046340093159,255,High,121.76291705692383,Job Creation Program
Nellore,Agriculture,2017,25326.0,519.0,14.375406066155993,493,Medium,887.6083574833497,Increase Investment
Guntur,Agriculture,2021,30025.0,933.0,4.12164854473947,413,Medium,540.4549809224193,Job Creation Program
Guntur,Technology,2021,2743.0,274.0,0.0037699536701039094,431,Low,153.01032967305608,Job Creation Program
Kakinada,Manufacturing,2014,,933.0,3.3760749916223016,320,High,775.498779671836,Job Creation Program
Kakinada,Manufacturing,2021,21393.0,859.0,-1.3464599976737501,127,Medium,933.4339086199825,Job Creation Program
Vijayawada,Manufacturing,2016,8967.0,583.0,4.786929589739145,485,Low,234.9077995081792,Job Creation Program
Vijayawada,Technology,2015,15264.0,809.0,-1.9728762199811993,170,Medium,301.0394313803521,Job Creation Program
Nellore,Healthcare,2017,22861.0,690.0,-0.6666796121614311,77,High,364.3999106760861,Job Creation Program
Visakhapatnam,Healthcare,2017,40749.0,298.0,-1.3664228186129623,16,Medium,415.9280600005334,Job Creation Program
Visakhapatnam,Technology,2014,38222.0,325.0,-1.13667831260235,127,Medium,171.30579548404236,Job Creation Program
Vijayawada,Technology,2020,20004.0,412.0,11.962081794679534,418,High,683.2837769940796,Increase Investment
Guntur,Manufacturing,2015,33519.0,177.0,7.182624815770449,44,High,212.7132459239137,Job Creation Program
Kakinada,Energy,2023,10696.0,117.0,-3.194233167158751,308,High,951.2627471944243,Job Creation Program
Visakhapatnam,Technology,2016,2565.0,688.0,5.350180851577505,186,Medium,256.80924425885325,Job Creation Program
Kakinada,Manufacturing,2016,7670.0,502.0,8.794312832611405,443,High,404.14745041970923,Job Creation Program
Kakinada,Energy,2018,,371.0,4.308867273925218,454,Low,925.9858975862626,Job Creation Program
Vijayawada,Manufacturing,2021,,247.0,12.094335961423624,200,Low,665.8730098247164,Increase Investment
Guntur,Technology,2019,34551.0,926.0,13.100694387305435,99,Low,577.3124300264483,Increase Investment
Nellore,Agriculture,2022,19188.0,301.0,-5.3813966273504095,160,Medium,692.8019961516752,Job Creation Program
Nellore,Agriculture,2019,12031.0,95.0,-7.891110154485759,255,Medium,311.50344535323853,Job Creation Program
Guntur,Agriculture,2018,40083.0,625.0,-9.89888913699933,244,Medium,158.13194289375417,Job Creation Program
Visakhapatnam,Agriculture,2019,,179.0,3.2691902460230917,36,Medium,450.85185054038135,Job Creation Program
Nellore,Energy,2017,28108.0,681.0,3.7238041129151505,433,High,684.3591060089522,Job Creation Program
Vijayawada,Agriculture,2017,31482.0,379.0,11.537111478002295,480,Medium,716.9314131254072,Job Creation Program
Visakhapatnam,Healthcare,2019,47875.0,781.0,13.760057316381385,344,Medium,574.4660476409387,Increase Investment
Kakinada,Technology,2016,22236.0,640.0,17.627191902324657,106,High,1027.8140281748779,Increase Investment
Vijayawada,Agriculture,2023,13406.0,804.0,3.0989857452485587,136,Low,1017.9158453917984,Job Creation Program
Guntur,Agriculture,2023,12874.0,627.0,-3.2288988807098375,68,Low,270.7548040179493,Job Creation Program
Nellore,Healthcare,2019,13419.0,457.0,-4.2596508127204515,291,High,847.5333957858676,Job Creation Program
Nellore,Energy,2018,3315.0,150.0,6.663846076637025,382,Low,344.9957691149555,Job Creation Program
Nellore,Technology,2021,20072.0,742.0,19.135548045221572,309,High,994.9857664955441,Increase Investment
Nellore,Technology,2019,33354.0,481.0,-2.6365111346557484,385,Low,681.3183814423058,Job Creation Program
Visakhapatnam,Manufacturing,2019,30795.0,437.0,7.671578605818718,89,High,794.5247985074278,Job Creation Program
Nellore,Energy,2019,6323.0,228.0,-4.046025661148998,330,Low,402.7750614925803,Job Creation Program
Vijayawada,Healthcare,2015,,233.0,2.161663050022071,25,Medium,895.0366749065514,Job Creation Program
Vijayawada,Agriculture,2022,30761.0,913.0,-3.2483482112048376,252,Low,800.3425808316998,Job Creation Program
Nellore,Healthcare,2022,44410.0,916.0,4.341129130384985,135,Low,973.7647428343265,Job Creation Program
Kakinada,Healthcare,2017,33739.0,121.0,8.039068577523775,280,High,552.7272729788037,Job Creation Program
Guntur,Healthcare,2016,41863.0,888.0,5.538081577368178,395,High,442.17816440702944,Job Creation Program
Visakhapatnam,Manufacturing,2015,36841.0,300.0,-4.525487122552408,90,Medium,480.4235386323428,Job Creation Program
Guntur,Technology,2017,24321.0,998.0,-0.1848857673133768,292,Medium,676.1548400422125,Job Creation Program
Kakinada,Agriculture,2014,12858.0,731.0,10.928558497180674,107,Low,611.8877626143908,Increase Investment
Nellore,Healthcare,2016,14816.0,780.0,8.549322737924903,230,High,534.6847173558142,Job Creation Program
Nellore,Agriculture,2016,4750.0,,-8.396606211305427,384,High,825.5958010433379,Job Creation Program
Visakhapatnam,Technology,2023,24941.0,278.0,-4.192600082394685,344,Low,317.34457177094276,Job Creation Program
Vijayawada,Energy,2020,11615.0,175.0,-3.023970565147139,157,High,94.7080515109925,Job Creation Program
Vijayawada,Technology,2017,36140.0,,4.539217332250875,484,High,877.3507877044368,Job Creation Program
Vijayawada,Healthcare,2022,34282.0,269.0,4.7816169367620365,63,Medium,923.8625495598899,Job Creation Program
Vijayawada,Agriculture,2020,26607.0,140.0,9.761254272546712,360,Medium,370.6657559815654,Job Creation Program
Visakhapatnam,Energy,2019,42745.0,640.0,18.53228290750539,313,Medium,752.6066106080345,Increase Investment
Vijayawada,Energy,2014,48293.0,690.0,-2.4142223963563705,257,High,938.341865465141,Job Creation Program
Guntur,Agriculture,2022,37579.0,808.0,-2.0480737024683444,223,High,470.4515644840558,Job Creation Program
Vijayawada,Technology,2021,6363.0,116.0,10.17912317595474,352,High,927.8077828841075,Increase Investment
Kakinada,Technology,2014,21823.0,597.0,-0.7777027444848326,226,High,97.35711461542554,Job Creation Program
Vijayawada,Agriculture,2014,42919.0,950.0,11.707938552971672,427,Low,539.2254162532308,Increase Investment
Nellore,Energy,2021,7712.0,719.0,7.557291197300724,467,High,320.3369237085922,Job Creation Program
Nellore,Healthcare,2017,16962.0,585.0,-4.615745432280281,235,Medium,76.99788922116035,Job Creation Program
Visakhapatnam,Manufacturing,2016,38201.0,139.0,-4.6116234254013,485,Medium,632.5898434386922,Job Creation Program
Guntur,Agriculture,2020,16586.0,764.0,11.54637910425144,11,Medium,495.214336356481,Increase Investment
Vijayawada,Energy,2015,41180.0,889.0,-1.9338955693699154,480,Medium,713.8076683883014,Job Creation Program
Guntur,Manufacturing,2022,30143.0,697.0,19.865351520000115,165,Medium,856.4615000944008,Increase Investment
Visakhapatnam,Energy,2020,40702.0,338.0,2.358270773661271,188,High,104.99273880374378,Job Creation Program
Guntur,Technology,2016,25223.0,50.0,7.431895649169478,496,Low,925.7159478245848,Job Creation Program
Kakinada,Manufacturing,2022,19883.0,651.0,11.820221547866534,331,High,609.9496422766111,Increase Investment
Kakinada,Agriculture,2017,,513.0,-7.9917923954758905,118,Medium,533.0021050112086,Job Creation Program
Guntur,Manufacturing,2017,38685.0,695.0,17.523160371114713,316,Medium,254.78596457924726,Increase Investment
Vijayawada,Energy,2021,26503.0,603.0,7.195483821148882,186,Low,333.38876744152776,Job Creation Program
Vijayawada,Technology,2016,45976.0,618.0,16.337395129713265,403,Low,1087.965101901628,Increase Investment
Vijayawada,Manufacturing,2022,23826.0,786.0,10.458660336361602,99,Low,269.2050702438022,Increase Investment
Visakhapatnam,Agriculture,2016,6207.0,271.0,-8.66229010264567,357,High,242.52519382183024,Job Creation Program
Vijayawada,Manufacturing,2016,38685.0,175.0,12.014000033260572,148,High,1006.0245000582061,Increase Investment
Vijayawada,Technology,2015,30209.0,381.0,17.697993966006724,227,Medium,1000.4293570104857,Increase Investment
Nellore,Manufacturing,2019,,342.0,16.989568296931157,199,Medium,964.1043235755045,Increase Investment
Vijayawada,Manufacturing,2019,35299.0,,5.090759094634183,437,Medium,548.7888614147903,Job Creation Program
Kakinada,Agriculture,2018,14714.0,445.0,6.598284746216681,453,High,628.3623671206642,Job Creation Program
Vijayawada,Agriculture,2020,43884.0,379.0,-1.6509724918741409,342,Low,729.742814255797,Job Creation Program
Kakinada,Technology,2019,34384.0,208.0,8.54943534872265,16,Low,137.78282552534313,Job Creation Program
Guntur,Manufacturing,2020,1037.0,648.0,19.638106344558892,122,High,571.2549291127416,Increase Investment
Vijayawada,Technology,2016,26137.0,522.0,10.193483142990566,398,Medium,213.20998200641077,Increase Investment
Guntur,Manufacturing,2022,15265.0,218.0,1.1043799003929342,307,High,237.4075481828566,Job Creation Program
Kakinada,Manufacturing,2022,11964.0,,11.112952279701815,92,Medium,1016.2358468697935,Increase Investment
Guntur,Energy,2017,15860.0,780.0,-4.466347514290912,251,Medium,742.1624893885308,Job Creation Program
Kakinada,Manufacturing,2014,38655.0,985.0,19.966887438994235,223,Low,364.6738412740932,Increase Investment
Visakhapatnam,Agriculture,2019,,314.0,-0.8777220978726241,310,Medium,186.24395261267995,Job Creation Program
Vijayawada,Agriculture,2020,6297.0,828.0,1.7931843300300159,211,Low,544.8475662526486,Job Creation Program
Visakhapatnam,Agriculture,2017,33190.0,160.0,2.316848806737285,427,High,207.70695809077966,Job Creation Program
Nellore,Technology,2020,1385.0,698.0,4.53337819022282,173,Low,1003.6429797677553,Job Creation Program
Guntur,Agriculture,2022,26978.0,562.0,11.261618831095731,197,Medium,519.290297830758,Increase Investment
Vijayawada,Agriculture,2023,39510.0,,-2.113393048249737,244,High,555.5907319249953,Job Creation Program
Nellore,Healthcare,2020,31427.0,505.0,1.4312236104650422,247,Low,269.22767923284846,Job Creation Program
Kakinada,Technology,2017,36667.0,504.0,-0.6888617879438739,158,Low,552.5281365887629,Job Creation Program
Nellore,Agriculture,2015,10552.0,508.0,11.830577312221006,65,Medium,524.0993327460827,Increase Investment
Nellore,Energy,2019,21367.0,929.0,5.593126002961389,129,Low,513.9601405675113,Job Creation Program
Kakinada,Manufacturing,2020,49069.0,521.0,2.9677985923676173,213,Medium,786.4622306662353,Job Creation Program
Nellore,Manufacturing,2014,7243.0,706.0,0.4209728857662869,131,High,986.97206857351,Job Creation Program
Nellore,Agriculture,2023,23573.0,74.0,-6.028912819400617,358,High,862.5386045136436,Job Creation Program
Visakhapatnam,Manufacturing,2019,15687.0,839.0,1.8708608087945153,191,High,853.696522185786,Job Creation Program
Nellore,Energy,2016,32042.0,163.0,-3.877662911895017,287,Low,121.67940945361113,Job Creation Program
Guntur,Manufacturing,2016,13630.0,430.0,6.5547141292616455,349,High,400.18527075582506,Job Creation Program
Vijayawada,Agriculture,2023,48583.0,897.0,-8.975142148077778,119,High,166.49297493174234,Job Creation Program
Visakhapatnam,Energy,2018,30518.0,145.0,4.962359912137275,303,Medium,309.19542187259907,Job Creation Program
Guntur,Energy,2021,42116.0,183.0,-3.157320570210202,21,High,900.2221033565153,Job Creation Program
Nellore,Healthcare,2016,36833.0,836.0,17.107900218291025,220,Low,1138.022045824913,Increase Investment
Guntur,Manufacturing,2018,3914.0,502.0,7.759276060230162,360,Medium,171.9515658223554,Job Creation Program
Nellore,Energy,2023,25005.0,931.0,-2.111146665835429,331,High,653.3452245410722,Job Creation Program
Visakhapatnam,Healthcare,2021,21884.0,304.0,12.08202537647201,398,Medium,469.72935714447493,Increase Investment
Guntur,Technology,2016,27179.0,682.0,-2.6479830525897654,235,Low,408.9407555813378,Job Creation Program
Guntur,Technology,2019,26663.0,343.0,7.444185892690394,454,Medium,187.53355761192805,Job Creation Program
Nellore,Manufacturing,2020,18188.0,925.0,16.018939699746472,275,Medium,292.17519222265486,Increase Investment
Kakinada,Energy,2023,41649.0,,9.564007966396876,381,Low,273.633028829669,Job Creation Program
Vijayawada,Healthcare,2017,26641.0,,5.0591585754850446,222,High,720.0171339794604,Job Creation Program
Visakhapatnam,Healthcare,2015,41953.0,88.0,-4.542615169518761,128,Low,231.0024986508235,Job Creation Program
Kakinada,Energy,2018,13006.0,199.0,-4.235221803840662,434,Low,351.57190861035707,Job Creation Program
Nellore,Healthcare,2021,21722.0,961.0,5.918179327017869,178,High,588.8737033326418,Job Creation Program
Kakinada,Manufacturing,2019,28943.0,572.0,17.11873938365706,352,Medium,419.9191892745184,Increase Investment
Kakinada,Agriculture,2016,5327.0,316.0,5.007786635298009,57,Medium,169.8246057675417,Job Creation Program
Vijayawada,Energy,2016,26796.0,653.0,-1.839538878775397,162,Medium,202.98781112159665,Job Creation Program
Visakhapatnam,Technology,2020,40687.0,675.0,2.945657109012,106,Medium,648.883185485831,Job Creation Program
Kakinada,Healthcare,2014,29327.0,621.0,-3.755734729444733,364,Medium,241.6768873301482,Job Creation Program
Vijayawada,Technology,2019,20612.0,976.0,10.367923125058649,406,Medium,442.1909297005724,Increase Investment
Vijayawada,Manufacturing,2015,33250.0,423.0,6.306304370914832,442,Medium,625.6756674889698,Job Creation Program
Kakinada,Manufacturing,2014,23681.0,,8.794057416920833,393,Low,346.5984838314335,Job Creation Program
Vijayawada,Healthcare,2017,14734.0,695.0,-1.6095756683080453,18,Low,300.8134491052591,Job Creation Program
Guntur,Technology,2014,5920.0,903.0,-4.813910286195659,54,Low,326.5303901156532,Job Creation Program
Vijayawada,Agriculture,2017,5981.0,82.0,9.461081867217548,375,Medium,789.7580871311184,Job Creation Program
Vijayawada,Manufacturing,2016,21008.0,483.0,-3.5240336764656224,39,Low,533.978917342671,Job Creation Program
Visakhapatnam,Healthcare,2014,30295.0,82.0,4.860478020335043,187,Medium,805.9855919766748,Job Creation Program
Guntur,Technology,2016,9168.0,991.0,2.2754129628385042,388,High,522.5493424617296,Job Creation Program
Vijayawada,Technology,2014,37946.0,217.0,-13.97955380501013,52,Medium,621.416092060782,Job Creation Program
Visakhapatnam,Manufacturing,2020,20341.0,784.0,-4.353011779912418,16,High,227.87238764548664,Job Creation Program
Nellore,Technology,2023,29915.0,487.0,13.760754419874004,398,Low,421.0148740247864,Increase Investment
Kakinada,Energy,2016,31841.0,413.0,6.409193350787033,70,Medium,242.46996853875044,Job Creation Program
Nellore,Agriculture,2023,16441.0,780.0,-4.302232069334627,84,High,409.4425898591899,Job Creation Program
Guntur,Agriculture,2019,11520.0,116.0,-0.09599904717611096,31,High,289.8886411052757,Job Creation Program
Nellore,Energy,2014,28396.0,600.0,13.511837629935883,346,Medium,620.0710257796153,Increase Investment
Visakhapatnam,Technology,2021,3784.0,914.0,12.798972860593196,337,Medium,286.9826119458218,Increase Investment
Guntur,Agriculture,2014,3729.0,775.0,-9.103067590500507,155,Medium,50.451226173621066,Job Creation Program
Vijayawada,Energy,2022,16378.0,357.0,10.225588075244566,216,Low,210.5053494286231,Increase Investment
Vijayawada,Technology,2015,1608.0,661.0,15.447355434688173,250,Low,416.1070194232888,Increase Investment
Visakhapatnam,Energy,2020,15128.0,472.0,9.031070100523024,209,Low,475.6266508744687,Job Creation Program
Guntur,Agriculture,2021,49931.0,232.0,5.614344960994501,348,Low,652.0252803095073,Job Creation Program
Visakhapatnam,Agriculture,2021,26628.0,976.0,3.2647732880271185,492,Low,615.8641872911447,Job Creation Program
Guntur,Agriculture,2015,,98.0,2.4076050263702644,43,Medium,391.35945292584285,Job Creation Program
Kakinada,Technology,2014,38168.0,606.0,6.511692910728113,488,High,578.4608590390123,Job Creation Program
Vijayawada,Agriculture,2021,45443.0,204.0,4.86200240865465,58,Medium,183.91848491365548,Job Creation Program
Visakhapatnam,Energy,2018,42047.0,555.0,17.470826863444376,123,Low,1076.9630890921162,Increase Investment
Nellore,Healthcare,2021,,889.0,-2.8320306864106923,178,Medium,231.82324719780894,Job Creation Program
Kakinada,Agriculture,2022,1193.0,756.0,4.022605168410577,257,Low,924.410895073184,Job Creation Program
Guntur,Healthcare,2023,31311.0,494.0,19.62467673553444,86,Low,583.9459030735402,Increase Investment
Guntur,Technology,2023,39148.0,395.0,5.165641717572999,158,Low,537.4042847844133,Job Creation Program
Guntur,Manufacturing,2015,20644.0,114.0,-3.5872658663065673,233,Medium,613.9105169124105,Job Creation Program
Kakinada,Healthcare,2014,1281.0,706.0,16.621717066106566,117,Low,517.3493224867124,Increase Investment
Kakinada,Healthcare,2021,44543.0,652.0,3.836739974978455,61,Medium,789.0155446368595,Job Creation Program
Visakhapatnam,Healthcare,2017,44887.0,920.0,19.033355658190434,402,Medium,465.106872055352,Increase Investment
Visakhapatnam,Technology,2015,29183.0,131.0,4.337810176661227,449,High,650.6825313314262,Job Creation Program
Kakinada,Energy,2014,4546.0,780.0,-2.470998412377105,336,High,516.7262123834586,Job Creation Program
Guntur,Healthcare,2016,38678.0,588.0,4.463371001239013,134,Medium,934.2446214872854,Job Creation Program
Guntur,Healthcare,2019,23501.0,,-0.1439581650322168,11,Medium,927.182317622617,Job Creation Program
Vijayawada,Energy,2023,39179.0,369.0,15.845511330167028,82,Low,240.46993680831633,Increase Investment
Guntur,Technology,2016,14316.0,983.0,12.28918122838446,151,Medium,689.8026514750193,Increase Investment
Nellore,Agriculture,2015,21227.0,570.0,0.20575532758132908,51,High,697.1728053672135,Job Creation Program
Vijayawada,Manufacturing,2018,10472.0,878.0,69.59415146473043,229,High,1115.7591624650834,Increase Investment
Kakinada,Technology,2015,1223.0,447.0,13.270058294471188,372,High,1007.3171605762863,Increase Investment
Visakhapatnam,Manufacturing,2016,4386.0,655.0,4.6688550104107485,430,High,255.5810003181904,Job Creation Program
Guntur,Technology,2021,38519.0,594.0,17.592494567212025,314,Medium,221.49941772923944,Increase Investment
Kakinada,Agriculture,2023,18013.0,425.0,11.493183649768358,407,Medium,457.84603051151555,Increase Investment
Vijayawada,Healthcare,2017,44971.0,240.0,17.824142729646145,177,Low,330.7779425511508,Increase Investment
Guntur,Technology,2017,11761.0,482.0,1.5604636424622331,288,Medium,148.52143475666796,Job Creation Program
Visakhapatnam,Technology,2022,36505.0,417.0,12.333713731240618,302,Medium,1004.4315862592733,Increase Investment
Visakhapatnam,Manufacturing,2015,4713.0,726.0,-3.759600099874445,222,Low,698.7053032749116,Job Creation Program
Kakinada,Healthcare,2021,,778.0,3.7608106447738496,94,High,717.2591068163406,Job Creation Program
Guntur,Agriculture,2021,35467.0,300.0,-2.333360309751825,383,Medium,766.9999190707446,Job Creation Program
Guntur,Agriculture,2020,30584.0,,12.322616103054965,338,High,597.8654630369978,Increase Investment
Nellore,Energy,2019,3364.0,588.0,13.230673251940313,151,High,606.796358721409,Increase Investment
Kakinada,Technology,2020,13005.0,906.0,0.290426059336351,456,Medium,402.63126009758736,Job Creation Program
Visakhapatnam,Energy,2015,38844.0,799.0,8.566724998528496,139,Low,1037.4481327382427,Job Creation Program
Nellore,Energy,2022,10262.0,379.0,2.2620612678849863,12,Low,143.5732122052841,Job Creation Program
Vijayawada,Agriculture,2018,19632.0,443.0,5.0675268784699306,278,High,957.4491440716218,Job Creation Program
Vijayawada,Manufacturing,2014,22114.0,797.0,6.938752874451167,87,High,304.30186040937576,Job Creation Program
Visakhapatnam,Technology,2019,36189.0,820.0,74.53821372024561,399,Medium,846.8033381265035,Increase Investment
Nellore,Healthcare,2016,5712.0,394.0,4.390877649709678,84,Low,498.3000579398561,Job Creation Program
Visakhapatnam,Energy,2017,9911.0,221.0,12.099269653697096,216,Medium,861.7393859346706,Increase Investment
Vijayawada,Healthcare,2019,32343.0,,10.401673091501541,453,Low,501.91154564267197,Increase Investment
Visakhapatnam,Manufacturing,2017,,163.0,-3.855418370916681,36,Medium,691.7156680554058,Job Creation Program
Visakhapatnam,Energy,2015,38849.0,799.0,8.463895686327898,378,High,334.6265265337599,Job Creation Program
Vijayawada,Healthcare,2022,37284.0,783.0,14.377438944722083,190,Low,620.5753469371739,Increase Investment
Nellore,Healthcare,2020,11314.0,914.0,-2.7001098561924324,255,High,492.3209959144012,Job Creation Program
Nellore,Technology,2020,30923.0,152.0,6.068534726357674,287,Low,807.2241727840636,Job Creation Program
Guntur,Agriculture,2017,20802.0,714.0,-7.3983872852813155,284,Low,944.1755147830914,Job Creation Program
Visakhapatnam,Agriculture,2016,34511.0,921.0,-0.9342706240746423,403,Low,917.3953675522725,Job Creation Program
Nellore,Energy,2020,10954.0,314.0,7.038093686980126,330,High,525.0996141771176,Job Creation Program
Nellore,Healthcare,2018,34534.0,552.0,-0.8191662816164467,94,Low,780.4782021254772,Job Creation Program
Kakinada,Energy,2015,,166.0,3.5093717655014025,287,High,446.8255571307323,Job Creation Program
Visakhapatnam,Energy,2017,9548.0,502.0,19.852606108136623,292,High,875.6600826628459,Increase Investment
Vijayawada,Healthcare,2020,18271.0,997.0,16.971730879662598,82,High,603.208156870236,Increase Investment
Kakinada,Manufacturing,2015,25535.0,334.0,9.764282172759854,128,Medium,809.6127024570179,Job Creation Program
Visakhapatnam,Energy,2015,43084.0,593.0,8.556465186903838,26,Low,397.7398385583398,Job Creation Program
Vijayawada,Energy,2022,38153.0,,17.43447202440756,477,High,629.3359813224691,Increase Investment
Guntur,Energy,2023,5919.0,167.0,4.439580020450784,323,Low,967.4140986341528,Job Creation Program
Nellore,Healthcare,2022,28905.0,111.0,-0.06914033277832932,171,Medium,111.92325423061605,Job Creation Program
Guntur,Technology,2014,28206.0,320.0,17.718271800408335,326,Medium,882.6984697613067,Increase Investment
Vijayawada,Technology,2023,30107.0,735.0,-2.8207933081758156,49,Medium,567.2671691849077,Job Creation Program
Guntur,Healthcare,2018,2681.0,309.0,14.030783385166004,457,Medium,706.3551206601629,Increase Investment
Nellore,Healthcare,2019,27622.0,644.0,-1.1275272060425348,334,Medium,319.7387247930861,Job Creation Program
Vijayawada,Healthcare,2019,27901.0,949.0,17.469335771293544,143,High,853.7839964695758,Increase Investment
Kakinada,Technology,2020,5708.0,723.0,17.132243508771914,399,High,395.8661205684209,Increase Investment
Guntur,Energy,2014,49484.0,744.0,18.368767031491604,435,Medium,309.6636267142975,Increase Investment
Visakhapatnam,Energy,2022,32155.0,165.0,15.233554374375405,62,High,127.13536471771941,Increase Investment
Kakinada,Healthcare,2018,46444.0,309.0,5.283835431371427,219,High,563.3270514829377,Job Creation Program
Nellore,Manufacturing,2016,27899.0,411.0,12.304400871397888,445,Medium,534.5710875814453,Increase Investment
Nellore,Technology,2020,43972.0,640.0,13.00836023406752,168,High,1008.2535054980322,Increase Investment
Guntur,Energy,2014,29250.0,466.0,18.639572434000154,79,Low,656.8604075424407,Increase Investment
Nellore,Technology,2021,28541.0,112.0,16.67979194554064,460,Low,604.6813669790055,Increase Investment
Kakinada,Energy,2016,30707.0,405.0,-1.5518065874431066,483,Medium,145.71518332085543,Job Creation Program
Guntur,Technology,2014,15655.0,683.0,10.462179339914266,309,Low,1032.4566848916145,Increase Investment
Vijayawada,Healthcare,2020,4758.0,123.0,2.8419850194976934,122,Medium,204.49564157398217,Job Creation Program
Kakinada,Energy,2021,,582.0,15.57150616898538,201,Low,485.6261659034949,Increase Investment
Visakhapatnam,Manufacturing,2021,37365.0,893.0,13.941775227955542,382,Low,879.500052785643,Increase Investment
Guntur,Healthcare,2023,20056.0,907.0,4.890319938181369,345,Medium,1027.355201839305,Job Creation Program
Nellore,Manufacturing,2021,5483.0,156.0,16.40473007112724,17,Medium,292.5913789109585,Increase Investment
Vijayawada,Energy,2019,17847.0,,3.143423253274845,427,High,610.249516832969,Job Creation Program
Nellore,Healthcare,2015,29628.0,998.0,14.3824421905305,256,Low,649.5367730614944,Increase Investment
Guntur,Energy,2019,45635.0,55.0,1.5615602562518722,482,Low,881.8588581409385,Job Creation Program
Visakhapatnam,Technology,2019,24524.0,,16.320048335691315,50,Low,826.1296981214534,Increase Investment
Vijayawada,Agriculture,2021,26625.0,243.0,-3.24846847602318,34,High,802.1062216032636,Job Creation Program
Guntur,Technology,2019,32139.0,364.0,9.25736410799702,479,Low,914.6968053531092,Job Creation Program
Guntur,Energy,2014,38611.0,820.0,-1.2763234111020108,118,High,899.5341480289635,Job Creation Program
Visakhapatnam,Technology,2015,12138.0,820.0,11.689099940545177,180,High,665.8506195124704,Increase Investment
Nellore,Technology,2019,6989.0,183.0,13.844642466239556,55,Medium,593.3356957132183,Increase Investment
Guntur,Healthcare,2014,44871.0,718.0,-4.798116780687812,256,High,807.5495215146615,Job Creation Program
Kakinada,Technology,2015,19615.0,,9.663795176695658,385,Medium,604.3525963658087,Job Creation Program
Kakinada,Energy,2019,36191.0,232.0,14.54380775449859,442,Medium,332.74163399043675,Increase Investment
Vijayawada,Manufacturing,2022,29248.0,786.0,18.167219714468683,127,High,912.7943469557239,Increase Investment
Nellore,Healthcare,2017,45425.0,298.0,-0.3358594650002029,264,Medium,945.9991387942994,Job Creation Program
Kakinada,Agriculture,2017,9431.0,232.0,1.5972416948227348,469,High,602.7056007319887,Job Creation Program
Nellore,Healthcare,2021,35576.0,236.0,7.537359369847319,34,High,308.7881681128397,Job Creation Program
Kakinada,Agriculture,2021,31075.0,478.0,1.5258340961002599,246,Low,901.2934869793593,Job Creation Program
Visakhapatnam,Energy,2017,27357.0,975.0,12.04006162017004,413,Medium,439.3906007966579,Increase Investment
Visakhapatnam,Technology,2021,2516.0,344.0,4.331345782186135,487,Medium,259.8998294907203,Job Creation Program
Visakhapatnam,Healthcare,2017,40841.0,942.0,50.062399892440425,65,High,257.8969517466972,Increase Investment
Guntur,Technology,2019,35055.0,296.0,9.748799577440336,462,Low,489.8564467492234,Job Creation Program
Vijayawada,Healthcare,2015,29082.0,918.0,6.5280471094273285,74,High,735.9274724645429,Job Creation Program
Guntur,Healthcare,2020,19681.0,290.0,17.03163646365288,482,High,163.39174574459335,Increase Investment
Visakhapatnam,Healthcare,2023,44300.0,350.0,1.166932755834459,171,Medium,442.0842646454206,Job Creation Program
Visakhapatnam,Technology,2014,40928.0,78.0,13.928307707458078,444,Low,242.8640800118173,Increase Investment
Visakhapatnam,Technology,2021,5816.0,121.0,4.53418001995448,47,Medium,275.48635782414493,Job Creation Program
Guntur,Technology,2023,14739.0,949.0,15.43698681905311,441,Medium,1108.497004912814,Increase Investment
Guntur,Healthcare,2018,44054.0,694.0,-4.541451026095301,130,Low,370.4823298788986,Job Creation Program
Kakinada,Energy,2014,5755.0,661.0,13.033821031213275,401,Medium,198.15355701631975,Increase Investment
Vijayawada,Technology,2021,43259.0,,7.1231250392369265,334,Medium,397.14463138850635,Job Creation Program
Kakinada,Technology,2019,30134.0,562.0,16.511078375842338,395,High,1086.792260472234,Increase Investment
Nellore,Manufacturing,2021,8793.0,908.0,9.619733452147646,211,Medium,792.3471797455006,Job Creation Program
Nellore,Agriculture,2018,34881.0,998.0,-2.5193137465125854,136,High,907.8572488098044,Job Creation Program
Nellore,Energy,2021,37604.0,191.0,-1.6494805092488556,82,Medium,474.8494922273347,Job Creation Program
Vijayawada,Energy,2014,10452.0,279.0,9.673143723593082,265,High,677.9880709888247,Job Creation Program
Nellore,Manufacturing,2016,6886.0,126.0,17.035929373558726,241,Low,696.465271010684,Increase Investment
Nellore,Agriculture,2019,40401.0,735.0,7.917341581495119,112,Low,221.19246062398912,Job Creation Program
Nellore,Technology,2019,33868.0,465.0,0.7980832106328126,140,High,488.71108692944256,Job Creation Program
Kakinada,Manufacturing,2023,5170.0,102.0,5.726876566968526,75,Medium,870.841414098308,Job Creation Program
Nellore,Manufacturing,2017,21848.0,419.0,-3.964403331065012,420,High,434.3891500428376,Job Creation Program
Guntur,Energy,2015,14883.0,583.0,-2.3211895417453428,439,Low,872.4674649716246,Job Creation Program
Guntur,Technology,2016,20229.0,127.0,10.39883112509697,329,Low,404.2065155288731,Increase Investment
Nellore,Agriculture,2015,1869.0,485.0,5.0768676026060895,23,High,409.62280787263956,Job Creation Program
Kakinada,Agriculture,2020,10576.0,,10.815806838344798,354,Low,350.9505422912772,Increase Investment
Vijayawada,Agriculture,2022,36233.0,98.0,-9.303255715608243,352,Low,531.8828093987039,Job Creation Program
Nellore,Agriculture,2017,18086.0,161.0,11.945936579017388,453,Medium,479.232957892218,Increase Investment
Kakinada,Healthcare,2022,18763.0,509.0,-0.42965727809652154,261,Medium,416.8130444544887,Job Creation Program
Visakhapatnam,Healthcare,2020,21338.0,61.0,12.688262140639502,131,Low,335.7398399057901,Increase Investment
Nellore,Healthcare,2020,4382.0,489.0,2.7264179007547282,466,Low,712.3321835346907,Job Creation Program
Guntur,Technology,2019,27590.0,958.0,26.52250129976818,336,High,913.5213906129447,Job Creation Program
Nellore,Energy,2022,33627.0,548.0,0.6849591207482231,306,Medium,871.7535759817002,Job Creation Program
Visakhapatnam,Manufacturing,2023,22596.0,263.0,7.754069564453751,476,Low,616.3932029545134,Job Creation Program
Nellore,Agriculture,2021,27872.0,892.0,7.237505986003331,298,Low,945.5585533951497,Job Creation Program
Nellore,Energy,2020,4424.0,124.0,4.954555794251597,280,Low,136.535912296218,Job Creation Program
Visakhapatnam,Technology,2015,28032.0,345.0,2.698386524723669,124,Medium,311.3094335102967,Job Creation Program
Vijayawada,Technology,2023,48842.0,509.0,9.612073046002585,313,Low,376.2313629510383,Job Creation Program
Guntur,Technology,2015,2095.0,500.0,2.029925362717907,305,Low,317.1496268135895,Job Creation Program
Vijayawada,Manufacturing,2015,25452.0,604.0,16.57792673386418,201,Medium,913.1306774725397,Increase Investment
Kakinada,Healthcare,2018,36329.0,948.0,5.0202322085320645,426,Low,374.591801336884,Job Creation Program
Vijayawada,Manufacturing,2019,18133.0,533.0,1.66765803277847,201,High,376.8886173147092,Job Creation Program
Visakhapatnam,Agriculture,2021,,772.0,9.234283862077017,448,Medium,485.2886714152346,Job Creation Program
Guntur,Technology,2018,19293.0,909.0,12.954325820002929,420,High,592.7548217038266,Increase Investment
Guntur,Technology,2020,35221.0,245.0,5.527357103785489,287,Low,594.5420249042744,Job Creation Program
Nellore,Healthcare,2019,9144.0,846.0,12.560209668416231,199,Medium,587.2593737948014,Increase Investment
Guntur,Manufacturing,2014,27271.0,668.0,7.375473722973135,100,Low,864.2681644694605,Job Creation Program
Nellore,Healthcare,2019,24780.0,119.0,14.533423577860969,186,Medium,145.29477405765456,Increase Investment
Visakhapatnam,Healthcare,2023,17469.0,346.0,4.584866109121803,118,Low,127.86363673756144,Job Creation Program
Kakinada,Technology,2018,31471.0,784.0,15.565643706619717,154,Low,362.0346466598986,Increase Investment
Nellore,Healthcare,2022,33148.0,410.0,1.835157362598257,223,Low,417.52414518665285,Job Creation Program
Visakhapatnam,Energy,2017,48937.0,139.0,13.006889494571297,411,Low,267.0795763974541,Increase Investment
Vijayawada,Technology,2020,6429.0,475.0,18.52898626172686,65,Medium,704.0126847432026,Increase Investment
Nellore,Energy,2014,36546.0,734.0,4.438404947250344,172,Medium,499.57789231281754,Job Creation Program
Vijayawada,Manufacturing,2015,34540.0,182.0,-2.296638234634564,345,Medium,593.8201184129651,Job Creation Program
Vijayawada,Manufacturing,2022,46279.0,927.0,4.433855732246727,324,Medium,1038.1018426379271,Job Creation Program
Guntur,Agriculture,2017,23170.0,767.0,1.8394630083974697,201,Medium,392.1086812744086,Job Creation Program
Nellore,Healthcare,2020,28635.0,308.0,11.606871435826811,121,High,544.7491640223466,Increase Investment
Vijayawada,Technology,2016,3759.0,327.0,8.236688358367472,159,High,823.9339709318616,Job Creation Program
Vijayawada,Agriculture,2022,8531.0,242.0,-6.101622126351422,44,High,328.2340744542296,Job Creation Program
Kakinada,Manufacturing,2021,1899.0,944.0,4.487805240564681,195,Low,1024.3648814709306,Job Creation Program
Guntur,Technology,2022,7594.0,952.0,0.5725468331018044,166,Low,132.45064585112917,Job Creation Program
Vijayawada,Manufacturing,2019,26199.0,348.0,11.780525585750208,75,Low,760.9962290384108,Increase Investment
Guntur,Agriculture,2017,7536.0,769.0,-4.286651439032488,270,Low,104.03565043384017,Job Creation Program
Kakinada,Energy,2022,29184.0,353.0,17.866160201448864,44,High,305.0675455111145,Increase Investment
Visakhapatnam,Agriculture,2022,34916.0,890.0,10.81059454838142,376,Low,812.2142914805946,Increase Investment
Vijayawada,Healthcare,2021,40946.0,656.0,4.619305267129635,310,Low,375.3026425523704,Job Creation Program
Vijayawada,Technology,2018,19672.0,584.0,-1.6014722377528834,83,High,703.6474021315231,Job Creation Program
Kakinada,Agriculture,2020,23710.0,377.0,59.45035692956708,23,Low,387.031961406117,Increase Investment
Guntur,Energy,2019,18291.0,552.0,5.731663544097762,84,High,200.63878276341964,Job Creation Program
Kakinada,Manufacturing,2019,48045.0,647.0,12.279777166318649,169,High,822.4501582660816,Increase Investment
Guntur,Energy,2015,36516.0,434.0,-2.706159946596338,480,Medium,983.2552658317719,Job Creation Program
Kakinada,Technology,2018,28613.0,873.0,5.111351732511942,85,Low,1037.6221006248293,Job Creation Program
Visakhapatnam,Healthcare,2022,27111.0,462.0,16.243958665478058,113,High,771.0470890345086,Increase Investment
Visakhapatnam,Agriculture,2015,13260.0,80.0,-5.445221944169948,274,High,338.64382244466407,Job Creation Program
Vijayawada,Manufacturing,2018,40088.0,959.0,2.0574457095752914,219,Medium,242.73090435482703,Job Creation Program
Guntur,Technology,2020,9455.0,154.0,-3.615531857916641,416,Medium,299.4320809388084,Job Creation Program
Visakhapatnam,Technology,2019,8703.0,406.0,7.248870584883978,258,High,730.4304145746289,Job Creation Program
Kakinada,Technology,2020,23701.0,662.0,6.1714491759469645,39,Medium,519.854993544769,Job Creation Program
Kakinada,Energy,2023,30870.0,956.0,12.083588429244934,223,High,266.5191053835816,Increase Investment
Visakhapatnam,Healthcare,2017,6732.0,406.0,16.89889351111522,42,High,841.6095076551278,Increase Investment
Nellore,Energy,2020,,318.0,7.884795560868486,402,Medium,845.0736498835618,Job Creation Program
Kakinada,Technology,2015,38298.0,594.0,-2.602990621027716,76,Medium,89.53823571109537,Job Creation Program
Vijayawada,Manufacturing,2020,3695.0,441.0,5.192154163289516,477,Low,833.8973998601068,Job Creation Program
Nellore,Energy,2019,,236.0,19.553329501165443,179,High,325.14585762275044,Increase Investment
Vijayawada,Energy,2021,26008.0,693.0,8.46676262662084,387,Low,477.6746650024824,Job Creation Program
Nellore,Healthcare,2022,44902.0,640.0,12.38757409517039,439,High,481.28047420909047,Increase Investment
Visakhapatnam,Technology,2017,26442.0,918.0,6.96488393479132,185,High,923.9376345213843,Job Creation Program
Kakinada,Manufacturing,2021,4012.0,957.0,5.5833027627764835,194,Low,427.43220743977093,Job Creation Program
Kakinada,Healthcare,2017,15834.0,112.0,19.59521544464073,84,High,415.94664129799764,Increase Investment
Kakinada,Technology,2014,25533.0,148.0,-4.584872356461568,237,Medium,406.2143889124369,Job Creation Program
Guntur,Agriculture,2020,45543.0,765.0,11.354567432903274,347,Medium,834.8624408617101,Increase Investment
Vijayawada,Healthcare,2023,31307.0,622.0,1.716965699461376,68,Medium,324.6698816626624,Job Creation Program
Visakhapatnam,Agriculture,2019,24947.0,475.0,-4.930938410692736,146,Medium,837.5780425492095,Job Creation Program
Vijayawada,Energy,2022,47349.0,438.0,-4.543422371931975,133,Low,418.099810010938,Job Creation Program
Vijayawada,Technology,2019,21226.0,677.0,19.09233633782043,387,Medium,943.2551170070443,Increase Investment
Vijayawada,Energy,2016,26993.0,928.0,10.008861029671577,175,Low,866.8822303553522,Increase Investment
Guntur,Technology,2017,,295.0,4.516581673274965,255,High,155.32391593616114,Job Creation Program
Vijayawada,Energy,2016,24795.0,345.0,10.02079241483446,66,Low,252.5717338311789,Increase Investment
Kakinada,Energy,2015,27416.0,328.0,4.602014868023748,218,Low,151.0946087671179,Job Creation Program
Nellore,Healthcare,2017,31198.0,556.0,6.825714006334618,327,Low,503.9509698752205,Job Creation Program
Nellore,Manufacturing,2015,18830.0,558.0,4.429355637402054,40,Medium,584.7158044567035,Job Creation Program
Vijayawada,Energy,2017,32388.0,541.0,-1.1630689197557285,98,High,129.7077971441215,Job Creation Program
Vijayawada,Healthcare,2020,33822.0,666.0,2.674401623589885,83,Medium,220.81151481310863,Job Creation Program
Guntur,Healthcare,2017,48614.0,396.0,0.7882476812507413,115,High,127.12146081775293,Job Creation Program
Visakhapatnam,Healthcare,2019,26117.0,575.0,1.3865153835421298,139,High,624.9724634553672,Job Creation Program
Visakhapatnam,Agriculture,2017,33838.0,248.0,-5.848819281996855,99,Low,174.4949281806478,Job Creation Program
Nellore,Manufacturing,2021,47246.0,598.0,12.013012005124615,88,Medium,304.8378117906452,Increase Investment
Nellore,Agriculture,2022,35754.0,696.0,6.265664727004921,311,Medium,938.6090264999542,Job Creation Program
Kakinada,Manufacturing,2021,11069.0,835.0,-2.3605178989233293,314,High,452.2896755439902,Job Creation Program
Kakinada,Agriculture,2020,37357.0,917.0,-8.582810026157777,427,Low,218.2956320601332,Job Creation Program
Visakhapatnam,Healthcare,2018,26313.0,444.0,18.548587758937085,154,Medium,943.3557296496806,Increase Investment
Kakinada,Energy,2021,42962.0,459.0,7.503369112581561,220,Low,737.4404642267493,Job Creation Program
Guntur,Technology,2022,47352.0,390.0,-1.4492547112647145,120,Low,483.34790662606764,Job Creation Program
Kakinada,Energy,2016,5976.0,999.0,13.651222855174417,260,Low,534.3757163231924,Increase Investment
Visakhapatnam,Agriculture,2018,1425.0,927.0,7.312028355746939,279,Low,270.78250285777415,Job Creation Program
Nellore,Energy,2017,6338.0,417.0,-4.838913291652679,212,Low,890.8217315738083,Job Creation Program
Vijayawada,Healthcare,2023,42128.0,436.0,-1.8063394961601071,305,Low,284.12435979674194,Job Creation Program
Guntur,Healthcare,2021,29714.0,230.0,16.15518149818218,356,Medium,433.15691744581903,Increase Investment
Visakhapatnam,Manufacturing,2018,42709.0,75.0,12.854328434639442,154,Medium,519.6407463259795,Increase Investment
Vijayawada,Manufacturing,2015,3554.0,325.0,14.586107757116356,340,High,683.4048502106282,Increase Investment
Vijayawada,Healthcare,2016,12690.0,441.0,17.74505012901531,327,Medium,953.2556710689576,Increase Investment
Visakhapatnam,Agriculture,2020,22972.0,659.0,3.957539615420824,315,High,1015.0801860656233,Job Creation Program
Kakinada,Agriculture,2015,17810.0,904.0,8.556892752352692,224,Low,929.3543104812684,Job Creation Program
Nellore,Agriculture,2019,40044.0,495.0,6.364713810624686,44,Medium,722.5053333625922,Job Creation Program
Nellore,Manufacturing,2017,36674.0,967.0,1.596009018695126,78,Medium,245.43340721078187,Job Creation Program
Kakinada,Agriculture,2014,29641.0,211.0,-9.706100881809995,332,Low,307.5201271393809,Job Creation Program
Visakhapatnam,Healthcare,2023,42415.0,968.0,16.060110700623813,452,High,290.4618715820385,Increase Investment
Kakinada,Technology,2017,15624.0,927.0,16.99224282588715,72,Low,546.5180909959738,Increase Investment
Nellore,Healthcare,2015,49718.0,995.0,16.381070320586527,419,Medium,1149.9916496898359,Increase Investment
Guntur,Energy,2019,20862.0,904.0,15.755930833050726,97,High,662.4336147307786,Increase Investment
Vijayawada,Healthcare,2017,47831.0,529.0,5.344630974762431,319,Low,557.2730978564932,Job Creation Program
Nellore,Technology,2018,25539.0,766.0,19.189338616336737,334,Medium,761.9903338011394,Increase Investment
Nellore,Technology,2021,40135.0,647.0,-0.5988076143207435,427,Low,779.1257147353448,Job Creation Program
Kakinada,Healthcare,2018,16652.0,901.0,16.824253106034032,410,Medium,521.5865204853667,Increase Investment
Guntur,Agriculture,2016,12656.0,832.0,9.764432336267976,276,High,974.2400770377495,Job Creation Program
Guntur,Healthcare,2019,49478.0,548.0,-4.758140967429251,126,High,505.9253874984877,Job Creation Program
Vijayawada,Technology,2022,47243.0,821.0,6.313708268065339,202,Low,900.8355448808164,Job Creation Program
Guntur,Healthcare,2019,48726.0,118.0,4.06211413724769,354,Medium,115.79329468195228,Job Creation Program
Kakinada,Agriculture,2023,24376.0,872.0,-9.683774812454576,110,High,806.5574836353961,Job Creation Program
Guntur,Energy,2016,32725.0,483.0,11.913456629587909,293,High,360.5419955209096,Increase Investment
Guntur,Manufacturing,2022,36283.0,653.0,10.150442401481643,100,Medium,809.2823888816752,Increase Investment
Nellore,Healthcare,2017,35914.0,559.0,0.7814214078814627,89,Medium,974.3681456700574,Job Creation Program
Nellore,Technology,2014,6380.0,894.0,-0.5712333549657487,264,Low,688.8931738066062,Job Creation Program
Nellore,Manufacturing,2021,28274.0,90.0,8.989516025203304,184,Low,556.090564422683,Job Creation Program
Kakinada,Healthcare,2014,30239.0,,-3.867617542142541,177,High,894.3684690662311,Job Creation Program
Visakhapatnam,Agriculture,2017,17674.0,850.0,10.581308935378132,236,High,565.9411259507141,Increase Investment
Guntur,Agriculture,2015,3419.0,751.0,2.1556865692660185,329,Low,880.1892061351878,Job Creation Program
Nellore,Agriculture,2017,2557.0,155.0,12.947976140203323,405,Low,966.0693630173151,Increase Investment
Nellore,Manufacturing,2017,16447.0,685.0,8.09192430157447,402,Medium,594.4296814657852,Job Creation Program
Guntur,Agriculture,2023,11522.0,813.0,0.48973445843270547,203,Medium,809.9815411470579,Job Creation Program
Vijayawada,Manufacturing,2014,21216.0,154.0,0.9689010096226545,117,Medium,788.4921075548189,Job Creation Program
Vijayawada,Technology,2017,22928.0,810.0,19.161426316633488,21,Low,652.2075531647313,Increase Investment
Vijayawada,Energy,2022,7508.0,972.0,-1.1858042184753073,339,Low,472.47398299642003,Job Creation Program
Nellore,Healthcare,2014,19384.0,758.0,19.992941832153264,367,High,687.5464990877217,Increase Investment
Visakhapatnam,Agriculture,2014,40276.0,121.0,10.032806621386818,423,High,598.1396960118781,Increase Investment
Guntur,Technology,2021,15758.0,184.0,19.981014505611,200,Medium,923.7650666903243,Increase Investment
Guntur,Technology,2020,35221.0,245.0,5.527357103785489,287,Low,594.5420249042744,Job Creation Program
Guntur,Healthcare,2019,1131.0,652.0,-1.8657323603019953,36,High,368.835425010831,Job Creation Program
Visakhapatnam,Agriculture,2016,13327.0,983.0,-5.827769025523693,56,High,547.7130304791021,Job Creation Program
Vijayawada,Healthcare,2020,4758.0,123.0,2.8419850194976934,122,Medium,204.49564157398217,Job Creation Program
Vijayawada,Technology,2018,2691.0,108.0,1.894219034151786,133,Medium,895.0457565568839,Job Creation Program
Guntur,Energy,2018,2722.0,406.0,19.7641456214074,297,Low,737.2424312229141,Increase Investment
Nellore,Energy,2014,48634.0,187.0,-2.332945147042263,442,Low,131.63739257503096,Job Creation Program
Guntur,Healthcare,2015,14922.0,985.0,-2.8687688747112428,316,Medium,138.74262658409427,Job Creation Program
Vijayawada,Healthcare,2016,19404.0,784.0,5.292190612850682,478,High,635.4907744047493,Job Creation Program
Visakhapatnam,Energy,2015,35237.0,165.0,8.538656467632313,292,Low,777.0887831715933,Job Creation Program
Guntur,Technology,2017,13901.0,225.0,16.43537116627002,466,High,235.97958512410753,Increase Investment
Kakinada,Agriculture,2020,37357.0,917.0,-8.582810026157777,427,Low,218.2956320601332,Job Creation Program
Visakhapatnam,Agriculture,2023,15802.0,308.0,10.107643013617508,275,Medium,417.1315404819419,Increase Investment
Visakhapatnam,Agriculture,2020,33023.0,,3.0423157547564372,61,Medium,685.9800861106105,Job Creation Program
Vijayawada,Healthcare,2018,45628.0,355.0,19.305534274175137,472,High,969.5346466733217,Increase Investment
Nellore,Agriculture,2015,45040.0,508.0,-0.9813063736197698,479,Medium,600.0149636220116,Job Creation Program
Kakinada,Healthcare,2023,33471.0,593.0,-0.6887040030883647,97,High,481.915985261686,Job Creation Program
Guntur,Technology,2021,27009.0,880.0,11.760170537786735,97,High,986.4895007325233,Increase Investment
Guntur,Agriculture,2021,2440.0,921.0,-6.162786071756057,191,Medium,891.2407402791267,Job Creation Program
Visakhapatnam,Agriculture,2019,41477.0,948.0,4.282873411424783,424,Low,550.601639940307,Job Creation Program
Nellore,Manufacturing,2016,49061.0,711.0,-4.436668350763008,225,Medium,679.455288026075,Job Creation Program
Kakinada,Energy,2017,49926.0,972.0,-3.5879143999129486,87,Low,717.1254720328461,Job Creation Program
Nellore,Healthcare,2016,16954.0,852.0,15.146113315445827,138,High,540.0448854475984,Increase Investment
Vijayawada,Manufacturing,2020,23391.0,565.0,16.33489333842354,266,High,497.29214736209303,Increase Investment
Nellore,Agriculture,2014,25034.0,713.0,-9.11072832411129,157,Low,266.0405070490865,Job Creation Program
Kakinada,Manufacturing,2015,25714.0,192.0,5.477637890880057,230,Low,967.5170647504897,Job Creation Program
Visakhapatnam,Energy,2021,15141.0,508.0,18.942585331082405,366,Medium,535.2283334818986,Increase Investment
Nellore,Manufacturing,2017,38353.0,931.0,-4.08230042988429,323,High,766.9937829977773,Job Creation Program
Guntur,Agriculture,2016,,284.0,-4.5019453793583155,484,Low,933.2144751226224,Job Creation Program
Vijayawada,Healthcare,2014,48954.0,557.0,1.60713053031205,177,Medium,181.9517170538381,Job Creation Program
Nellore,Energy,2015,31341.0,491.0,2.9937100306641025,277,High,239.69911625056073,Job Creation Program
Vijayawada,Energy,2018,47706.0,472.0,19.588007693068363,134,Medium,649.4553963112827,Increase Investment
Visakhapatnam,Agriculture,2018,,87.0,-6.991388751621091,149,Low,585.9174917860896,Job Creation Program
Guntur,Energy,2019,42688.0,850.0,18.816215950967926,434,High,472.9378355832274,Increase Investment
Nellore,Manufacturing,2019,19840.0,611.0,9.882190984920124,351,High,196.38018691786195,Job Creation Program
Visakhapatnam,Manufacturing,2017,24323.0,905.0,-3.6992538262538743,331,Low,175.52175287240243,Job Creation Program
Nellore,Energy,2014,16568.0,527.0,5.767770890233672,390,Low,739.3961525915314,Job Creation Program
Vijayawada,Energy,2022,30677.0,786.0,9.126807075917341,145,Medium,619.7367036167103,Job Creation Program
Vijayawada,Energy,2018,47248.0,119.0,10.20809052113499,411,High,183.14762772015064,Increase Investment
Nellore,Technology,2018,25539.0,766.0,19.189338616336737,334,Medium,761.9903338011394,Increase Investment
Kakinada,Manufacturing,2020,48162.0,885.0,7.615932199435873,395,Low,638.4009999650075,Job Creation Program
Kakinada,Technology,2018,3962.0,794.0,15.864396624873827,496,Medium,804.9633092014982,Increase Investment
Visakhapatnam,Technology,2014,17820.0,942.0,13.763099517418723,62,Low,501.6483974540844,Increase Investment
Vijayawada,Agriculture,2020,40708.0,688.0,5.567195342413706,58,Low,169.30230395580628,Job Creation Program
Guntur,Energy,2021,44048.0,380.0,-4.127353523172268,164,High,749.3160566119453,Job Creation Program
Nellore,Manufacturing,2020,36223.0,138.0,-0.6014180668753353,78,Medium,335.170043067712,Job Creation Program
